8.725323290600638382e-01,1.111448431357259903e+00,9.867271328257753993e-01,1.131903749750437393e+00,2.423704556553705203e-01,1.406518679479219047e+00,8.463351278329158678e-01,1.081536594954358055e+00,6.880201712041831286e-01,4.562644723865132423e-01,6.239298235926103997e-01,1.918667300024645694e-01
2.777579433511921936e-01,1.113688699651233183e+00,7.021139666544635727e-01,7.128528570310994628e-01,1.309057385960608944e+00,7.464122647861290982e-01,3.503161301050899956e-01,1.254949355150987156e+00,2.876444010439634935e-01,5.527111677291741687e-01,1.941684475746707772e-02,7.931310667331199493e-01
9.668049668729483681e-02,6.764240343165660585e-01,1.122298872012784665e+00,4.325528781024856606e-02,9.817214481008418314e-02,1.276820375474183811e+00,4.121934326501046630e-01,8.079676112736023930e-01,1.079213202520868276e+00,1.207865582109266978e+00,1.178519240732359030e+00,1.469600911957893219e+00
6.197373757203383793e-01,4.687544932767186978e-01,8.551964711883938142e-01,8.742820664752047888e-01,4.453985363355575933e-01,7.202134730246072536e-01,1.309586002333885002e+00,9.951396972604967806e-01,8.674798801874580301e-01,2.525860597827789267e-02,7.277480216348840569e-01,1.228312278968616500e+00
1.468166317789757258e+00,1.113365618098671295e+00,6.767901695423018671e-01,5.950612763255050952e-01,1.236788600335803068e-01,4.111787474652932595e-01,6.375682782725322628e-02,7.495486295788987841e-01,9.762307456387350202e-01,9.157190579693653687e-01,1.475050188558074238e+00,1.320579676145277048e+00
2.943955126984252324e-01,1.109839169110304891e+00,1.431378577095294258e+00,1.477726317173046144e+00,5.846390824859007962e-01,1.405618083834703214e+00,8.888327504855172423e-01,9.587030485315035655e-01,8.593379934524647545e-02,2.670049964138528908e-01,1.333115781326117411e+00,4.637371994993937374e-01
1.295211461629634631e+00,7.424107604654688330e-01,1.345860559220653396e+00,1.728340482682451107e-01,4.701348458544997166e-01,5.154831151993072291e-01,1.278237661260806401e+00,1.206984081762275673e+00,1.320265193357953892e+00,1.065522658930822208e+00,4.769888215244855179e-01,8.895112606453284831e-01
1.189311234756815772e-01,1.297601695515420150e+00,1.260202496223886470e+00,3.215815207372585416e-01,9.120691860980950638e-01,6.079232721027558739e-01,7.709213722395991120e-01,1.036391043041998028e+00,4.548829019787979933e-01,1.217431422754694736e+00,4.132261733493519662e-01,7.636538462095210367e-01
5.399607893316845653e-01,1.423276561220560454e+00,1.447636027323553343e+00,1.109055075950609037e+00,1.268559142755936175e-01,6.846592064707879288e-01,8.909249680752158174e-01,4.777224703680948981e-02,1.491272923975604403e+00,1.345431795341107239e+00,1.191557899726216618e+00,9.939784793365061821e-01
1.803601155633554054e-01,9.789017365296615036e-01,4.891990248075399617e-01,1.478853005932001974e+00,2.850368155405800241e-01,1.371210806447338504e+00,2.053372590459289215e-01,1.467676082562884732e+00,4.121948206570557049e-01,5.422614517459607431e-01,3.908777492187064384e-01,5.577555167850446471e-01
2.290136274181879816e-01,4.936345922941404174e-01,2.510688951309272277e-01,9.235825747391313012e-02,7.481639999619622561e-01,6.174446157703954441e-01,9.352363566926084060e-01,3.767008310561833495e-01,1.430472883585058197e+00,2.333492597081224806e-01,1.558843552630782003e-01,1.120221921568686163e+00
1.077655086422533603e+00,1.418687166037153613e+00,1.144464658542033053e+00,1.092538141433631038e+00,3.147519263424755076e-01,4.049661686639960401e-01,4.458624037473810642e-01,8.107653397011266305e-01,2.457527987350519583e-01,5.934051415137087115e-02,1.026703873615614881e+00,1.246517701422830138e-01
8.690820450701353117e-01,3.965253004170840034e-01,1.407241926637372575e+00,6.177971976116835018e-01,4.866006845174604134e-01,1.964096353244393356e-01,1.029094340010229924e+00,1.024654546303953140e+00,1.493045568664646439e+00,1.219901945868910431e+00,9.515202012391442699e-01,6.865918330200260211e-02
1.063273018129307079e-02,7.741148640345618670e-01,7.444173983622881519e-02,1.443408929695158216e+00,6.154632726191995307e-01,4.025250862823070985e-01,3.503358686102889807e-01,1.380716878703992734e+00,1.765797917350298007e-02,3.317469707205648044e-01,6.611974419282640181e-02,1.038651186770467749e+00
5.650799480285774168e-01,2.994703048347835406e-02,6.658166415290430740e-01,3.707168679160447455e-01,1.688187177301229136e-01,1.096796410142258260e+00,1.106973170494089054e+00,3.619779300082126561e-02,4.399050565994766515e-01,3.202287620652358724e-01,3.110708624590730054e-01,1.097195778438426306e+00
9.250241602652005124e-01,7.939976672680235659e-01,3.700222722662418473e-01,3.046960903020800027e-01,6.596546751812084608e-01,1.441892465735391315e+00,6.618140440093318588e-01,1.402715011666682887e+00,6.021220312454272916e-01,5.964414692264063955e-02,8.297413209374915333e-02,7.110778135236521802e-01
5.098471396308755788e-01,1.338391808889612733e+00,4.965983561487844478e-01,1.247071557156573363e+00,1.813590687976694982e-01,6.699171898105684697e-01,6.022265381782775373e-01,4.617453980704929739e-01,1.026174359154643057e+00,9.716825622371585425e-01,1.327544193127131678e+00,3.456328495939022805e-01
1.134427626377406906e+00,6.086859898198482277e-02,1.115008691740364100e+00,9.482589298061580019e-01,1.457618219251793690e+00,1.023730146586474543e+00,5.467234627450942019e-01,1.307739087822050728e+00,6.602999673020895077e-01,9.080473744571331274e-01,4.045320178307231229e-01,1.303844161835481463e+00
1.263263700480811380e+00,1.162251221610757224e+00,1.107677199681749602e+00,1.794802901863959965e-01,8.009676033958926800e-01,6.147426942568601227e-01,9.511916537815111594e-01,1.043062634237384989e+00,9.917934015969533945e-01,9.681266742419112337e-01,1.229068209540056245e+00,1.462011714692484921e-01
1.239895996064920514e+00,3.094790894532760683e-01,1.110836799165549227e+00,1.210138953206260526e+00,3.377555837383411363e-01,1.224082284909477902e-02,1.338902626258064110e+00,5.613257698603674184e-01,3.126018843473540310e-01,1.387205781938032123e+00,1.001515497705367519e+00,1.156001140871399269e+00
1.156058314220181238e+00,8.089833971356085174e-01,5.492991933264042004e-01,6.931886021904254402e-01,2.655072542777162647e-01,1.400480051638331336e+00,1.325342196628454872e+00,1.733090494033808771e-01,8.822072046596629580e-01,9.628039420625845723e-01,1.194020997116293170e+00,3.140538664557029902e-01
6.237788618968996834e-01,1.172271482557202482e+00,2.510603933961130796e-02,8.841346657916371310e-01,1.315709115021459263e+00,6.932170189480447720e-01,5.350367669455091679e-02,8.216941896318484817e-01,9.873274061806524005e-01,6.261243796214532864e-02,1.416112885063566473e+00,2.580168960826678681e-01
1.444220157885331091e+00,6.606686300161732639e-01,4.110478967925255134e-01,1.347370216095824969e+00,4.742969579622663412e-01,1.330777452153965035e+00,1.138172694312241884e+00,3.836369317996062289e-01,9.268520814619423120e-01,1.249638081239182297e+00,6.699701696809046148e-01,1.133809016019415861e+00
2.480995550908874359e-01,5.148334737704191033e-01,9.106552316602799513e-01,1.140365081275084513e+00,1.426149352838248063e+00,7.457348361779927437e-01,1.411207807849453655e+00,4.879973145569835857e-01,1.290967620127057902e+00,1.338787476483636052e+00,1.020428331896157115e+00,1.199905913777527644e+00
5.483025740660214531e-01,9.939654645066738903e-01,1.388585042092649324e+00,1.002767155711933977e+00,1.400364479675375362e+00,1.328091060733867623e+00,3.940235127218884581e-01,2.122245450248850807e-01,7.681141053091740112e-01,1.366773204248764140e+00,1.298830633919528132e+00,3.222706136947594557e-01
5.676908009973622576e-02,1.079047582339782707e+00,1.000943643034757136e+00,3.729098192918677696e-02,1.120882945488999693e+00,1.381658718819275933e+00,3.067060081813051675e-01,1.670623375948047107e-01,9.059609534036009437e-01,5.747670089156864393e-01,1.397792257456135667e+00,8.085363348659118099e-01
1.055381341698738096e+00,1.500000000000000000e+00,1.233175442048915160e+00,1.296344811915248085e+00,1.174614400538763315e+00,1.247079706335481042e+00,1.200819094237305373e+00,4.629948191675087865e-01,3.726629996911312581e-01,9.555649100559128195e-01,1.331735818891121692e+00,3.579608925070674741e-01
7.778787514453974761e-02,9.896580241911171472e-01,1.183848789254159817e+00,7.560050580164159872e-02,1.312937655551032590e+00,1.014836121428818405e+00,4.924369457729350641e-01,2.900469436038681792e-01,8.698575068384660769e-01,1.151039021176385901e+00,5.159579246519503393e-01,9.193908132679203815e-01
2.326747030642894176e-01,1.351081543750035419e+00,1.387757513524296549e+00,8.069666106347886392e-02,1.289663300599551032e+00,4.841310780137528247e-01,1.767223017337898050e-01,6.728894993536002067e-01,4.766656094575531522e-01,7.729067853279506517e-01,5.628447302905844607e-01,6.110097418512517864e-01
1.098695405461302066e+00,1.186831733078466788e+00,4.218125527801940833e-01,5.406915044656057656e-01,1.500000000000000000e+00,3.123959939865165181e-01,5.180763094089757548e-01,8.038266508910699715e-01,1.411890936883202885e+00,1.203935233623768530e+00,2.970956559586842433e-03,6.480154508915945133e-01
5.526268332607655598e-01,2.755777928796691034e-01,6.903860708773598143e-01,1.018113654034460636e+00,1.030986277067958312e+00,1.135101938287420120e+00,1.061483327834810364e+00,0.000000000000000000e+00,1.500000000000000000e+00,1.500000000000000000e+00,2.735288806187395894e-01,1.120145247204131111e+00
1.446817288566743243e-01,6.213399463474185147e-01,1.500000000000000000e+00,8.730055230505953112e-01,1.617953543357037727e-01,1.206346623171960397e+00,5.997757786201310948e-01,2.803717241253919079e-01,3.768095610467129819e-01,6.709955910639260335e-01,1.500000000000000000e+00,3.628497516511627885e-01
1.233241624694653149e+00,7.854557098328714126e-02,1.053668920678704657e+00,1.384997452976981736e+00,0.000000000000000000e+00,1.500000000000000000e+00,8.389863168199945820e-01,2.369278259901238803e-01,7.873470925828338629e-01,1.256904184991282980e+00,1.500000000000000000e+00,1.110592469473614008e+00
5.254585805244087471e-01,8.299463949069993962e-01,2.374974535986228985e-01,4.494591266446750777e-01,1.500000000000000000e+00,7.809927526281311705e-01,7.177346161314318573e-01,1.416720957360542155e-01,1.500000000000000000e+00,9.260839632704783719e-01,0.000000000000000000e+00,9.754929674590916422e-01
0.000000000000000000e+00,9.067962248799414926e-01,1.205866355233810472e+00,1.237374085063299711e+00,1.500000000000000000e+00,6.571710736909340822e-01,2.377382485056992734e-01,1.009094353636792230e+00,1.015688754075108724e+00,8.573776346433327200e-01,1.500000000000000000e+00,5.920187189108385706e-01
1.350262192724658306e-01,1.500000000000000000e+00,1.372188060484928807e+00,3.751863352031457044e-01,4.654934983813511229e-01,1.091552708155240747e+00,5.779199030698218831e-01,7.577292001967572688e-01,4.416482658223374047e-01,6.240936564370266337e-01,1.500000000000000000e+00,1.576462026149108922e-02
1.135050056075519453e+00,1.359741783015707917e+00,4.778432338642938371e-01,1.225059282237175307e-01,1.365946491810919872e+00,3.357605588134015551e-01,2.755214339143217672e-01,1.177799881147969741e+00,1.172473673776880609e+00,1.388635446824991071e+00,7.769434495839629973e-01,1.020457759685452270e+00
2.039009417118192724e-01,1.095322429410111376e+00,7.795019290061406814e-01,0.000000000000000000e+00,2.394201152777288011e-01,1.215663930020070227e+00,1.192916909690451499e+00,5.010805834181843860e-02,1.262772804077785693e+00,1.500000000000000000e+00,2.141122296631751409e-01,1.000149980220113255e+00
3.038954240404839746e-01,6.860198055917783311e-01,5.712177861799926371e-01,8.423789728370277841e-01,1.500000000000000000e+00,1.040083699324416022e+00,1.298264178341210495e-01,3.934098504258278228e-01,1.026091324111319203e+00,6.168006465704891639e-01,0.000000000000000000e+00,7.679247929994953425e-01
0.000000000000000000e+00,4.975358653183686863e-01,1.436703290662131316e+00,1.391550408574560027e+00,1.173595479129127872e+00,1.393385465252614086e+00,4.977407128164333949e-01,6.369109796731758921e-01,2.758125482678029927e-01,7.255907669016282702e-01,1.500000000000000000e+00,4.854804445533474899e-01
1.500000000000000000e+00,1.055932537262842974e+00,2.817196492445032119e-01,5.452706198607557564e-01,3.783678811382927276e-01,8.709463004547010057e-01,9.079611656342740922e-01,0.000000000000000000e+00,1.147306100022897235e+00,1.038545796935695709e+00,0.000000000000000000e+00,8.145214963021765175e-01
7.957045793893603447e-01,1.089197540161554123e+00,5.208380774354793852e-01,6.624416687815045668e-01,1.500000000000000000e+00,5.421606084252783564e-01,4.000056182601766652e-01,9.791023765354111008e-01,9.338933118772084763e-01,8.422854477438670440e-01,0.000000000000000000e+00,4.384480635636061052e-01
0.000000000000000000e+00,7.744491667723001349e-01,1.500000000000000000e+00,6.676281145733642397e-01,6.746590050552528917e-01,1.450082107961303990e+00,8.549408921481075341e-01,6.090067165816366312e-01,5.337014106897547405e-01,1.500000000000000000e+00,1.500000000000000000e+00,1.011267899806172377e+00
6.565012344604537198e-01,7.946483119836018627e-01,2.758120293791193056e-01,5.678533107951335701e-01,1.500000000000000000e+00,4.167087212418325026e-01,7.377597810365427167e-01,5.103727068616794593e-01,1.394936449029815950e+00,8.752229781529818897e-01,0.000000000000000000e+00,4.600979721023589764e-01
3.767025464354717412e-01,4.768259543720367311e-01,1.061037043807135927e-01,8.807690610056510827e-02,1.035396110368336009e+00,1.131567099640640395e+00,7.347203046556445294e-01,0.000000000000000000e+00,1.500000000000000000e+00,6.858739716117604468e-01,2.697944764082842450e-01,8.876450195028933177e-01
0.000000000000000000e+00,7.921127797723236386e-01,8.559287769491342734e-01,9.192980507310198890e-01,1.495965796104603118e+00,1.473604967300903290e+00,0.000000000000000000e+00,7.656055722217768311e-01,5.950609809901988845e-01,1.899820972858749235e-01,1.500000000000000000e+00,3.311920360732071300e-01
7.944031229310701825e-01,6.245689664811413522e-01,1.765245319223294196e-01,4.089491384666991136e-01,1.373662995778134555e+00,4.742674535820687320e-01,8.953128523272033679e-01,2.380400461827476277e-01,1.500000000000000000e+00,1.008742636351575017e+00,0.000000000000000000e+00,5.752458079089116660e-01
5.466416375831985031e-01,9.831223579679663205e-01,6.292566601271323279e-01,7.652570828453886254e-01,1.500000000000000000e+00,3.597764134023311300e-01,7.981906621623595655e-01,7.683435146556504280e-01,1.212840341193149651e+00,1.221977140859011657e+00,0.000000000000000000e+00,5.185798814231654674e-01
5.457014278378251489e-03,9.200130123536226501e-01,7.292923606610454135e-01,6.764504617586826196e-01,7.321154558972041704e-01,1.500000000000000000e+00,4.744655142246162471e-02,3.472834345751324436e-01,1.500000000000000000e+00,3.549793433962364908e-01,1.500000000000000000e+00,6.588724087441312216e-01
0.000000000000000000e+00,7.466196245723385472e-01,1.159754109682535894e+00,1.182865136874221124e+00,1.437875947739301941e+00,7.115604653063679619e-01,6.069454995757068705e-01,5.198945761168589641e-01,1.264371229598191482e+00,1.497032779840992811e+00,6.520405617783544550e-01,1.024720330651831546e+00
6.623950314394503325e-01,1.037292628100176639e+00,6.140639481318321824e-01,5.963961426784715192e-01,1.500000000000000000e+00,6.999530745441039370e-01,4.488264020946373112e-01,8.375480667908126176e-01,8.695187085738064203e-01,9.524763075584266048e-01,0.000000000000000000e+00,6.434523307483321908e-01
7.572939233761046829e-01,7.425311078898374495e-01,5.258768231150364736e-01,5.362876557201034372e-02,3.948949667901514582e-01,1.019646010407765147e+00,1.278576349353234942e+00,1.883708750986241298e-01,1.153245831095621954e+00,1.500000000000000000e+00,1.665227999959014715e-01,1.313358717787072916e+00
3.208178951146397617e-01,1.032855605885343975e+00,1.500000000000000000e+00,9.265615969957394782e-01,2.873502628163034367e-01,1.229981125340769976e+00,3.398169731857727527e-01,5.381457470397258414e-01,3.249380934999724357e-01,5.793088892277328261e-01,1.500000000000000000e+00,7.073330808303339712e-01
4.807890702239280833e-01,9.503308972315076542e-01,5.688372813195931021e-01,5.652308162080649234e-01,1.500000000000000000e+00,8.424250652531506400e-01,4.716012772701762001e-01,6.225403489298777515e-01,1.037238405838409205e+00,9.534380794036397822e-01,0.000000000000000000e+00,8.343677066676062903e-01
0.000000000000000000e+00,6.368803524570557650e-01,1.116834081042368698e+00,1.226659650255619294e+00,1.500000000000000000e+00,1.202136697443590974e+00,4.515943622035817895e-01,5.760011056541542995e-01,1.259899377263753006e+00,1.193537266970468025e+00,1.418602845115192634e+00,1.000011974736193299e+00
0.000000000000000000e+00,8.492614990338430703e-01,9.263192856927187080e-01,5.803102482012700847e-01,1.224829223706692893e+00,1.133843198044596878e+00,2.810665623780053690e-01,5.465791131785338042e-01,6.549393481191161381e-01,6.089374674399677945e-01,1.500000000000000000e+00,6.034907919546247390e-01
1.233897945374262395e-01,8.498602725302503158e-01,5.803266276525677059e-01,5.891722389473563748e-01,1.500000000000000000e+00,5.543184508724762205e-01,4.876975334906978321e-01,3.740564629504297689e-01,1.500000000000000000e+00,9.773380212394092714e-01,4.012609139308954687e-01,7.801526898905447593e-01
1.101284159140680341e+00,8.851978264016878706e-01,0.000000000000000000e+00,1.280766627420036885e-01,1.122117198935377536e+00,7.534354223505856929e-01,8.936254283717715019e-02,3.802944613891982850e-02,1.500000000000000000e+00,2.650631822965889839e-01,4.480517663954448615e-01,5.588558986021000541e-01
4.317357531165044032e-02,9.060959989190672248e-01,8.650359241498113416e-01,4.296033076895280911e-01,7.278900510656219347e-02,1.057035879669068867e+00,7.894092204764505682e-01,7.287360013877291348e-03,1.500000000000000000e+00,7.688617473769776556e-01,4.455954637722394085e-01,1.143573810708118144e+00
4.776811429875395532e-01,8.613545638978963304e-01,4.695244912191756104e-01,4.770947623836805374e-01,1.500000000000000000e+00,6.281598320853984951e-01,6.085064599905990468e-01,4.501889605418058493e-01,1.414441143188668759e+00,1.001121861392393564e+00,1.741015755962328770e-01,8.119691775077094720e-01
5.195049962006557109e-01,1.035912607357104775e+00,6.595897629494523740e-01,1.846398383646595184e-02,1.500000000000000000e+00,1.415902795531760461e+00,4.839839192725124417e-01,9.715209572402448979e-01,4.047033682646568598e-01,7.651435079948267770e-01,0.000000000000000000e+00,8.426751161168269944e-01
5.454496200963147023e-01,1.161438138201356773e+00,1.500000000000000000e+00,1.242872169613994826e+00,3.727456365282287853e-01,1.500000000000000000e+00,8.027909831807564789e-01,1.102798790595347356e+00,7.287346924868916276e-02,1.175042866321221791e+00,1.500000000000000000e+00,1.567579561539483024e-01
7.169239317629525488e-01,8.721336948546002388e-01,6.439740562486701014e-01,8.591216429208378136e-01,1.500000000000000000e+00,3.606418336719993678e-01,6.814512870284579193e-01,5.811203063542800251e-01,1.190368433299057394e+00,1.301456671800165887e+00,0.000000000000000000e+00,6.925404270481042568e-01
0.000000000000000000e+00,6.052346286966738820e-01,5.129928832140402406e-01,3.802838904057779801e-01,1.500000000000000000e+00,5.555396784228865403e-01,8.113520799182571963e-01,1.931427104497911995e-01,1.500000000000000000e+00,1.087736874116663310e+00,4.418948059653253213e-01,7.219248581964332612e-01
1.500000000000000000e+00,1.122846944353064202e+00,1.500000000000000000e+00,8.415661211867707658e-01,5.472411005301976855e-02,7.307824005737210138e-01,1.129081406253302777e+00,4.091587979069364334e-01,7.869759790949957257e-01,1.500000000000000000e+00,0.000000000000000000e+00,7.097491770814063905e-01
7.885587447068875822e-01,7.427579730980559125e-01,0.000000000000000000e+00,6.148606461736635387e-01,9.028375095533979211e-01,1.200664514887150647e+00,6.248787130875449458e-01,1.307439489124338494e-01,1.500000000000000000e+00,1.052163488205784869e+00,5.829967731786241947e-01,7.726269218716180776e-01
6.233145436201190659e-01,1.110691006876194598e+00,7.246505160693349490e-01,1.142268320301553231e-01,1.500000000000000000e+00,3.990999298791560457e-01,8.193995516835811399e-01,9.779874867698054031e-01,1.177854626465381749e+00,8.208738062734975971e-01,0.000000000000000000e+00,4.800138886193061061e-01
6.600744070356009616e-03,1.369332349739726729e+00,1.500000000000000000e+00,9.778124929982427993e-01,1.209396559877075283e+00,1.456087160755952015e+00,2.155531544729142879e-01,1.387634349074351903e+00,1.920638019096755356e-01,7.252904603039969644e-02,1.500000000000000000e+00,0.000000000000000000e+00
6.229194516022241723e-01,1.046229070293490437e+00,4.660944330470158103e-01,3.019187763863059176e-02,1.500000000000000000e+00,1.816725682942461062e-01,8.419204369081398909e-01,7.213061814550955075e-01,1.409398043318893068e+00,7.564926503131575997e-01,0.000000000000000000e+00,5.694235361109843963e-01
0.000000000000000000e+00,9.931171782520119562e-01,1.444008772351975445e+00,3.337467209302937832e-01,4.291986858725304055e-01,1.240321822773266414e+00,8.296424667456073765e-01,6.866568861863611151e-01,1.500000000000000000e+00,1.500000000000000000e+00,1.500000000000000000e+00,1.283439254202494162e+00
0.000000000000000000e+00,3.980764998673487765e-01,1.178212599066185584e+00,1.394970874168026898e+00,1.500000000000000000e+00,1.158362991679483089e+00,2.027282108347081280e-01,1.985396939157732799e-01,4.518068485092650022e-01,1.155632537740198584e+00,8.206985865623073195e-01,1.075549698656428577e+00
0.000000000000000000e+00,7.054921250877166372e-01,1.294820011438075236e+00,1.401659221857767479e+00,6.800561027126837965e-01,1.323213810383005784e+00,1.859889351127044510e-01,4.926402574082493491e-01,3.271174439657302813e-01,4.806098086630086197e-01,1.500000000000000000e+00,1.742092310585615644e-01
9.102800400632731215e-01,1.117062866079725492e+00,8.682146390463906238e-01,1.716048905050148732e-01,1.500000000000000000e+00,4.744946092096527512e-01,6.684273041356798561e-01,1.139924309361577848e+00,9.693257914381830931e-01,8.348927773173719924e-01,0.000000000000000000e+00,4.135068521993421342e-01
0.000000000000000000e+00,7.944094306541272799e-01,7.861922765572157967e-01,8.939426979561863051e-01,1.500000000000000000e+00,8.574719448057138704e-01,5.529597483726763629e-01,2.784912381706757811e-01,9.562280825383946414e-01,1.066300748114338726e+00,5.078676357562502686e-01,1.295859308176245506e+00
7.317002982694856827e-01,1.116982807002937061e+00,4.915393986088537615e-01,7.445746090065611389e-01,1.500000000000000000e+00,5.160422293852829911e-01,4.424511420018978902e-01,7.427653930713027375e-01,1.040943124336003001e+00,7.781760141102197492e-01,0.000000000000000000e+00,7.672500990864740134e-01
5.883807997063301709e-01,1.037496219304525624e+00,4.098092910796076738e-01,5.689648880880721071e-01,1.500000000000000000e+00,3.915142070845435973e-01,6.765868302430307901e-01,6.198045539641844348e-01,1.195035127785210927e+00,8.518089347574863135e-01,0.000000000000000000e+00,7.418160495088723660e-01
0.000000000000000000e+00,8.945327243092258129e-01,1.345285517919017293e+00,5.985490144545227986e-01,5.156325135250051650e-01,1.500000000000000000e+00,1.763442750079036725e-01,8.145394577230277156e-01,1.357956477890011893e-01,7.792309381013238223e-01,1.500000000000000000e+00,5.880922750546994093e-01
0.000000000000000000e+00,3.368431349173458544e-01,1.500000000000000000e+00,1.185591256336660848e+00,1.500000000000000000e+00,1.254999855328448044e+00,4.262457572063943489e-01,7.359137104066615365e-01,2.426789662513677559e-01,1.500000000000000000e+00,1.461203959619133963e+00,1.168588237247267791e+00
0.000000000000000000e+00,3.179297484864936907e-01,6.925736930983420470e-01,4.791826046069159739e-01,1.021365498025583518e+00,1.452956347873320286e+00,9.205711099446883816e-01,6.721931743166224826e-02,7.947963011388166354e-02,9.166973362793683355e-01,5.599519124086261845e-01,4.882274406680150447e-01
0.000000000000000000e+00,2.431368439481252502e-02,1.332345234659385591e+00,6.408210104784378691e-01,1.500000000000000000e+00,1.116110075203430085e+00,7.958335795335337304e-01,1.907670960344417244e-01,6.691010255081751845e-01,1.500000000000000000e+00,7.197692189704953947e-01,1.114398702944224384e+00
0.000000000000000000e+00,8.905213846874439065e-01,1.347065032118229810e+00,1.500000000000000000e+00,1.500000000000000000e+00,1.085563901711283252e+00,0.000000000000000000e+00,7.622505940225435817e-01,1.073414158003764607e+00,6.919194047916809032e-01,1.500000000000000000e+00,9.070893422361705483e-01
8.420138005670917414e-01,8.879603724382206797e-01,2.989491910648620632e-01,3.807236244278208726e-01,7.656716960252828441e-01,1.180056004275423120e+00,8.131327148229515744e-01,2.480269075775624540e-02,7.791055434095272014e-01,6.505957310167137519e-01,4.845531594266433428e-01,9.569921355057680046e-01
3.151184716176607670e-01,1.097186666432306446e+00,4.050985171785763117e-01,3.244851117530728746e-01,1.500000000000000000e+00,6.740965565798618941e-01,4.351965534926983126e-01,7.813404772954204436e-01,1.069884503139552523e+00,8.416988416517043881e-01,0.000000000000000000e+00,4.509927160668395496e-01
0.000000000000000000e+00,9.097816492287330581e-01,1.795043738905225950e-01,7.937513415427410735e-02,1.500000000000000000e+00,3.764760019050100159e-01,8.535747919084072377e-01,4.824399269487635866e-01,1.500000000000000000e+00,8.472941308709487362e-01,0.000000000000000000e+00,1.633411879988884430e-01
0.000000000000000000e+00,1.039272131414969103e+00,1.775850250876766234e-01,0.000000000000000000e+00,1.500000000000000000e+00,5.142056340387171076e-01,4.591254142107417113e-01,6.140512177174092256e-01,1.500000000000000000e+00,7.743554933723102440e-01,0.000000000000000000e+00,1.218146002311951831e-01
0.000000000000000000e+00,1.027311458928393373e+00,1.252759909409943417e-01,2.854204740679883723e-01,1.500000000000000000e+00,1.279517645211463828e+00,0.000000000000000000e+00,6.879564163524799492e-01,1.276022255861611665e+00,6.266690928670887173e-01,1.252799714630263850e+00,0.000000000000000000e+00
0.000000000000000000e+00,8.733660548500910004e-01,8.103713852681899699e-01,7.945343501965407285e-01,1.500000000000000000e+00,3.845543513300626604e-01,1.410495192461542535e+00,8.389893597642434919e-01,8.350094432843510051e-01,1.500000000000000000e+00,0.000000000000000000e+00,1.352422209989344593e+00
5.999240531569644680e-02,8.449394015559454907e-01,7.695532814224805840e-01,8.393221255186950058e-01,1.500000000000000000e+00,1.464821930268500050e-01,1.233610215768917495e+00,6.246044986535989052e-01,1.244113517230193811e+00,1.500000000000000000e+00,1.508522046295270869e-01,1.413304447645329365e+00
2.347315894932029967e-01,1.350041985216850593e+00,4.629428635487484733e-01,0.000000000000000000e+00,1.409646383603305297e+00,1.500000000000000000e+00,0.000000000000000000e+00,8.906653855830811706e-01,7.116407395080711629e-01,6.917891242437258503e-01,0.000000000000000000e+00,1.451902962790207141e+00
7.748450140409699483e-01,8.387453275145060339e-01,4.611958712278450001e-01,8.408228294581487905e-01,1.500000000000000000e+00,0.000000000000000000e+00,1.431422856469121818e+00,8.331344950663320814e-01,1.472354153938803201e+00,1.500000000000000000e+00,0.000000000000000000e+00,6.413097039404045407e-01
0.000000000000000000e+00,5.308367789585222152e-01,1.320578908963831122e+00,9.524496505324719919e-01,1.460631927793448304e+00,7.905720707588215213e-01,2.112514353003964729e-01,0.000000000000000000e+00,5.100637076584579876e-01,0.000000000000000000e+00,5.702233979441395650e-01,7.139433865475792729e-01
2.858672460574811502e-01,5.748861644363758572e-01,1.082660939201985917e+00,4.195746285042210033e-01,1.393021785193782724e+00,1.500000000000000000e+00,2.764654682479055214e-01,1.058491084857174025e+00,5.388528349331098838e-02,1.500000000000000000e+00,0.000000000000000000e+00,1.500000000000000000e+00
6.386267587199345730e-01,9.617307027459190971e-01,6.679732049306834618e-01,6.556917412001166401e-01,1.500000000000000000e+00,3.341905426253925504e-01,9.735823845442955760e-01,1.003296574197971358e+00,2.298184401506694341e-01,1.073618106714663734e+00,0.000000000000000000e+00,4.092414641529177333e-01
1.029041519900235402e+00,8.241180319994827475e-01,4.713907437370272180e-01,7.498808185787624314e-01,1.317502165570057615e+00,5.408053718503900154e-01,5.681161047463826330e-01,4.223686760714266408e-01,1.500000000000000000e+00,1.500000000000000000e+00,3.786324790797997997e-01,1.080998198987534575e+00
0.000000000000000000e+00,5.806057933376388425e-01,1.460843268129182082e+00,1.009686760601962385e+00,9.795552238919907895e-01,1.500000000000000000e+00,1.113585234015378234e+00,1.137030487415968016e+00,8.861480315616500347e-02,1.500000000000000000e+00,1.500000000000000000e+00,1.121373688911357469e+00
5.556589851000581781e-01,8.654636027301580992e-01,5.908271406811970161e-01,4.965832503822010247e-01,1.500000000000000000e+00,4.457247016485869628e-01,7.245839888322331834e-01,7.078109313910901923e-01,1.500000000000000000e+00,1.255138782817552867e+00,1.520055403006747297e-01,9.926278749845037774e-01
5.207608965414344260e-01,8.952601049198408711e-01,6.670879430255139964e-01,4.995074400527592107e-01,1.500000000000000000e+00,7.626225509714825712e-01,4.763559473901025632e-01,8.993268189866974183e-01,1.272846175596127116e+00,1.184543787993017405e+00,0.000000000000000000e+00,8.813269361960859305e-01
1.500000000000000000e+00,1.052966891767432855e+00,1.185240876225551465e-01,4.132795473752282067e-01,1.321271822440016397e+00,1.405075913742573013e+00,3.263321816699852294e-03,3.334057635091921545e-01,1.500000000000000000e+00,0.000000000000000000e+00,4.363975272311467757e-01,1.055850403071396881e+00
0.000000000000000000e+00,8.621292899737552640e-01,5.257350383246282011e-01,1.354411063240646973e+00,1.500000000000000000e+00,7.533823957679605110e-01,1.220457091478003742e+00,1.323136720401023314e-01,1.500000000000000000e+00,1.500000000000000000e+00,2.944476548604293975e-01,7.607327304826829728e-01
1.911238279246819938e-01,7.920516009811827685e-01,6.327233801532793356e-01,4.730504074012001903e-01,1.500000000000000000e+00,6.127032663868606788e-01,8.502740969222863932e-01,7.897383706638212431e-01,1.417282419998886045e+00,1.297453551414340378e+00,0.000000000000000000e+00,9.321013145848611181e-01
7.636643692860142218e-01,8.905944557866292133e-01,8.315491868113478180e-01,4.867658031835647159e-01,7.554396761662514059e-01,8.277582670516966390e-01,0.000000000000000000e+00,7.485003806850322183e-01,3.876080142890603875e-01,6.131078720352129974e-01,1.500000000000000000e+00,2.147498853812952468e-01
0.000000000000000000e+00,7.998668614189625714e-01,3.282932064506166592e-01,6.172961766545358442e-01,1.500000000000000000e+00,6.898425406606583099e-01,1.150338204535396036e+00,3.937152126584178569e-01,1.500000000000000000e+00,1.284522543480739909e+00,6.344845190080063146e-02,8.565155681341948268e-01
4.325063889329409661e-01,8.786763744572184676e-01,1.093235111982708618e+00,6.959111522381595805e-01,1.500000000000000000e+00,1.404783256849996498e+00,0.000000000000000000e+00,1.080217702661984358e+00,9.439660342887625788e-01,9.617897459512230185e-01,0.000000000000000000e+00,9.998981954318651999e-01
1.982932863742248031e-01,8.681465588759568197e-01,4.263161637813608906e-01,4.813599280708465433e-01,1.500000000000000000e+00,4.346631279806665860e-01,1.128574426377881856e+00,1.549568100778384583e-01,1.137112003405096994e+00,1.004772083097821955e+00,3.173663783100736935e-01,7.399691828969315877e-01
1.282984720594355643e-01,8.751916580866654360e-01,3.574632541847196920e-01,1.650894883989202644e-01,1.500000000000000000e+00,2.764307834980224698e-01,1.059119358993327431e+00,6.404305397490767104e-01,1.500000000000000000e+00,1.170488951431523983e+00,3.354585055402634769e-02,8.347013337466583360e-01
3.174411934434672178e-01,1.001170518404582044e+00,4.045713974850349559e-01,4.062366125731634581e-01,1.500000000000000000e+00,4.045879405578206023e-01,8.351170033927449721e-01,8.136784456646674046e-01,1.500000000000000000e+00,1.105087999490512507e+00,0.000000000000000000e+00,6.990494870920866965e-01
0.000000000000000000e+00,8.506546570450230771e-01,1.308120194123749691e+00,0.000000000000000000e+00,5.866586373545874533e-01,8.487797048484868601e-01,0.000000000000000000e+00,0.000000000000000000e+00,0.000000000000000000e+00,0.000000000000000000e+00,1.463778120470129673e+00,0.000000000000000000e+00
4.738730229571695429e-01,1.093795694983426658e+00,4.381681874293079648e-01,5.400188156475472789e-01,1.500000000000000000e+00,6.219831220485743106e-01,5.730476736805352189e-01,9.044214514031871932e-01,1.273962597727470225e+00,9.358781239034806854e-01,0.000000000000000000e+00,5.614590201300061478e-01
0.000000000000000000e+00,9.947789639210772306e-01,2.390324022670789195e-01,1.259692183142424815e+00,1.500000000000000000e+00,1.500000000000000000e+00,1.202264223605718385e+00,0.000000000000000000e+00,1.500000000000000000e+00,1.500000000000000000e+00,9.616427319775849858e-02,9.087613130656553295e-01
0.000000000000000000e+00,8.596962928068573317e-01,5.195379877519702427e-01,9.455062214919102148e-01,1.500000000000000000e+00,7.574148529229790539e-01,1.045855886821337011e+00,2.689201813652477568e-01,1.429325055182324888e+00,1.411110336890189387e+00,2.860338657100058302e-01,9.303972433205913717e-01
5.588938098879320249e-01,1.014738417855581609e+00,3.720681684092655983e-01,3.144291239748763234e-01,1.500000000000000000e+00,2.902421281006434817e-01,9.530528061271522633e-01,7.859050145887175320e-01,1.337296025797759302e+00,1.085394725852756537e+00,0.000000000000000000e+00,7.822887742750475049e-01
5.716929252590184918e-01,1.101656635325982014e+00,3.835629239265348489e-01,4.699870397893694540e-01,1.500000000000000000e+00,4.631440003839897290e-01,7.585014177541201663e-01,8.732762121243261566e-01,1.234769030452130378e+00,9.569088093085008628e-01,0.000000000000000000e+00,6.262966428164847832e-01
2.748851398522616507e-01,1.260491525158990544e+00,1.482954928148160434e+00,1.500000000000000000e+00,1.031566410147989998e+00,9.994633707532594169e-01,0.000000000000000000e+00,9.556467053121572297e-01,2.787139312436429650e-01,1.171935457786896229e-01,1.500000000000000000e+00,1.373788428570166531e-01
1.360318531075458415e-01,6.464409493719537325e-01,6.583465051658398126e-01,1.090040833827422118e+00,1.500000000000000000e+00,7.122398110089815937e-01,9.458055157018514514e-01,2.242186465621239522e-01,6.846354818799722519e-01,9.581336882271630495e-01,3.658232644830796132e-01,7.780772042025444479e-01
6.564358418169904397e-01,1.137148484427674688e+00,3.893156715643987797e-01,4.745256469850793746e-01,1.500000000000000000e+00,4.866268003720920499e-01,6.516562492262201189e-01,8.975707235633358927e-01,1.124707505149271647e+00,8.846725697165536140e-01,0.000000000000000000e+00,5.845185497947106290e-01
0.000000000000000000e+00,6.584992533397793224e-01,7.485667421201512850e-01,9.951115351111432528e-01,1.500000000000000000e+00,7.099810149927494596e-01,8.406285738990187939e-01,3.990010386792889330e-01,9.247054472489303345e-01,1.137088348040728114e+00,4.104994031781962205e-01,9.039628667996847389e-01
6.655857039357828686e-01,1.053551342885632902e+00,3.827062003682088487e-01,3.849607570456138328e-01,1.500000000000000000e+00,3.439294823136510026e-01,8.184371872334567088e-01,8.239741083404582556e-01,1.166797646768155339e+00,9.991824549240985176e-01,0.000000000000000000e+00,7.289303651247425186e-01
7.541483586619375512e-02,5.515747854061440192e-01,1.274886787049131831e+00,9.085179965434689864e-01,8.894701191366211068e-01,5.666835314855590555e-01,7.001529734800043814e-01,6.492836771328303058e-01,3.757487750177267993e-01,1.195670497161816170e+00,1.500000000000000000e+00,5.421123381003835062e-01
1.111650457654312252e+00,5.368446290672291843e-01,3.494057884239039069e-01,7.828897623338779699e-01,1.500000000000000000e+00,4.883990586900886499e-01,8.772706647357977339e-01,2.302859418372215639e-01,4.003733031896579697e-01,5.606875694805258936e-01,3.140718938070858335e-01,7.241172723181612536e-01
5.915565461960669014e-01,8.782317687929187544e-01,5.171228648304111442e-01,4.089138988433228539e-01,1.500000000000000000e+00,2.479974689725072123e-01,8.612485665878661933e-01,7.061505674661694432e-01,1.010252596740488062e+00,1.069841070456491128e+00,2.214767667394686446e-01,8.536096694350061576e-01
0.000000000000000000e+00,3.012506197453627688e-01,2.128928735383144588e-01,1.079926435072875224e+00,1.500000000000000000e+00,1.500000000000000000e+00,1.341680616243760671e+00,2.032974042615081495e-02,1.134793593272065554e-01,3.985709924964445650e-01,0.000000000000000000e+00,5.969889639691456917e-01
7.243086357354193705e-01,1.163453195180925048e+00,3.656924571551895542e-01,4.904612684256919319e-01,1.500000000000000000e+00,5.944584163317049308e-01,4.977174244933361691e-01,9.197691998236043887e-01,9.039307592887914078e-01,7.943920637812541541e-01,0.000000000000000000e+00,4.955679263343978347e-01
0.000000000000000000e+00,6.594082018301068437e-01,1.076897771516688529e+00,9.764526894527814083e-01,1.188697414674912745e+00,7.077478948615835153e-01,4.578557616544777220e-01,6.095106682119173502e-01,8.033518500439196242e-01,1.096718735382389287e+00,1.234932959012496667e+00,7.225360823983879577e-01
0.000000000000000000e+00,6.587034932890361016e-01,8.890337365626952426e-01,9.558673006731872590e-01,1.500000000000000000e+00,7.326174981670549036e-01,4.143199817139820995e-01,5.770891875547162764e-01,8.005502452292884152e-01,1.122417769003221988e+00,7.721272699600197909e-01,9.545405766495487221e-01
1.037063204850811049e+00,1.067777403938151570e+00,3.227235003227127419e-01,3.072474117834628760e-01,1.500000000000000000e+00,2.564723063433255179e-01,8.414790849957611840e-01,8.150448292589091981e-01,9.602728561903384197e-01,9.363324501132361810e-01,0.000000000000000000e+00,7.368734645680177220e-01
0.000000000000000000e+00,8.510026365743915688e-01,8.308447305067511168e-01,8.677208450975902876e-01,1.500000000000000000e+00,1.049386143529844384e+00,8.042792205272248918e-01,0.000000000000000000e+00,1.453555963509121307e+00,9.289622742820553558e-01,4.763702321042859733e-01,7.721022770649796918e-01
1.074805583325198377e+00,1.045993021422513714e+00,3.232473575726251269e-01,2.830227941703826189e-01,1.500000000000000000e+00,1.903748361015275004e-01,8.949135030237151955e-01,7.835308099769852097e-01,9.169658941628863191e-01,9.418870240971487506e-01,0.000000000000000000e+00,7.741461436095090631e-01
7.148025126990193989e-01,7.259775617251307267e-01,8.752124898486516313e-01,6.615288347843298888e-01,7.891511910422908116e-01,9.011914257160963393e-01,3.437708145200660814e-01,6.842989415304581158e-01,2.407738460114853818e-01,8.478510678275650303e-01,1.500000000000000000e+00,3.904609185587862852e-01
1.500000000000000000e+00,5.744956849214963857e-01,0.000000000000000000e+00,0.000000000000000000e+00,1.500000000000000000e+00,2.998264991201048946e-01,9.470411389015287451e-01,3.374723545934770197e-01,1.980829068226138412e-01,4.080163209608858033e-01,4.552440675208224014e-02,7.141709041621268073e-01
8.261606745448794031e-01,1.070631671479612690e+00,4.180264485947566833e-01,4.999049280415424623e-01,1.500000000000000000e+00,4.236445079922124823e-01,7.221669829044192745e-01,8.656725342177666871e-01,9.026118542751478957e-01,9.576537453435876035e-01,0.000000000000000000e+00,7.066842819824401545e-01
0.000000000000000000e+00,6.311249631280875239e-01,1.329722528788869873e+00,9.691663000189885135e-01,8.568439283715503230e-01,8.322747700148972472e-01,6.636143744701118452e-01,6.576094342566783935e-01,9.350644306542357231e-01,1.088521021292081059e+00,1.500000000000000000e+00,6.405674176166027411e-01
0.000000000000000000e+00,6.917441059826948679e-01,7.140701098313967377e-01,7.943774051291258020e-01,1.500000000000000000e+00,5.220021319729840625e-01,8.130178108551706639e-01,5.598395483005518258e-01,1.120027478388424758e+00,1.227741261356282587e+00,2.651509693063223150e-01,9.907953267173115197e-01
9.807831226654484258e-01,1.094444846883664058e+00,3.556093795578826877e-01,2.077838064590389333e-01,1.006937461900552444e+00,1.000372449346718096e+00,0.000000000000000000e+00,7.171328020916378776e-01,2.282993536843724303e-01,3.926021359632458907e-01,1.357297763833525961e+00,2.474949742730154223e-01
7.153450162526303613e-01,1.212793447609036068e+00,3.512838614319742647e-01,4.653193974361309326e-01,1.500000000000000000e+00,6.173861872945451967e-01,4.844606823212771474e-01,9.319195371062310995e-01,8.270121905135623397e-01,7.539146781722986246e-01,0.000000000000000000e+00,4.683519887205289667e-01
0.000000000000000000e+00,3.637449964922379042e-01,1.406592049127726174e+00,1.500000000000000000e+00,1.183806498164299059e+00,8.524590626718894226e-01,8.188041189375708795e-01,5.360835898094151730e-01,0.000000000000000000e+00,7.763760701842240541e-01,1.500000000000000000e+00,3.410248957475625065e-01
0.000000000000000000e+00,7.848737799140477200e-01,6.530955129942803694e-01,7.571043378831181503e-01,1.500000000000000000e+00,4.571810919241091620e-01,8.952942072156492292e-01,6.792739033553591987e-01,1.443364658630822639e+00,1.375294777244722155e+00,0.000000000000000000e+00,9.885289512451871374e-01
0.000000000000000000e+00,5.849832940543738813e-01,9.229879729421341938e-01,1.014490630267641080e+00,1.500000000000000000e+00,1.229137743454655762e+00,0.000000000000000000e+00,3.566829896586248827e-01,2.368261011366424307e-01,5.934649257887758544e-01,8.963797925418741652e-01,8.448072211137178655e-01
0.000000000000000000e+00,7.819111071833637627e-01,0.000000000000000000e+00,0.000000000000000000e+00,9.196477435570046266e-01,1.500000000000000000e+00,1.500000000000000000e+00,0.000000000000000000e+00,1.500000000000000000e+00,1.051942483730398337e+00,0.000000000000000000e+00,8.168505317159103774e-01
5.223294864406881066e-01,1.139395488484050478e+00,4.418983230901860626e-01,5.622938242154630339e-01,1.500000000000000000e+00,4.582911716675844294e-01,6.810280052256479921e-01,8.919445193147444995e-01,1.035353493912516853e+00,9.375332586621203390e-01,0.000000000000000000e+00,6.343576667556797277e-01
1.117716520412429748e+00,4.197607443845256525e-01,6.028446728521338338e-01,1.500000000000000000e+00,1.500000000000000000e+00,9.586370383129678707e-01,2.854123024913259865e-01,1.345300958525743884e-01,3.364041265225022337e-01,5.368985816909948028e-01,4.400839270340506371e-01,7.841976816787802340e-01
4.079917615040798973e-01,9.276991154587174715e-02,8.097046766940971807e-01,1.204208899160262303e-01,1.500000000000000000e+00,1.162280868088930497e+00,0.000000000000000000e+00,8.271525896144293899e-01,0.000000000000000000e+00,1.500000000000000000e+00,0.000000000000000000e+00,1.500000000000000000e+00
0.000000000000000000e+00,8.798827301310988558e-01,9.455280224272081258e-01,3.863335200928092461e-01,9.320507545949368033e-01,1.225997192123100765e+00,0.000000000000000000e+00,5.374368443990970023e-01,8.123753115065844854e-01,5.930256794934556375e-01,1.268020363129549910e+00,7.046910949508814470e-01
0.000000000000000000e+00,7.245337503422334402e-01,9.862971779397973204e-01,1.500000000000000000e+00,1.500000000000000000e+00,1.002986672642833810e-01,7.523178101508439797e-01,4.645058666444431550e-01,1.500000000000000000e+00,1.500000000000000000e+00,8.947820538586185313e-01,8.489187561118414216e-01
0.000000000000000000e+00,9.359205894286667382e-01,5.536931494426472478e-01,1.006960250579006511e+00,1.500000000000000000e+00,2.460337831957555288e-01,9.088927297564473040e-01,5.745560490391152797e-01,1.500000000000000000e+00,1.391179406857816270e+00,7.913491221657159569e-02,9.340429952186405371e-01
0.000000000000000000e+00,7.515095611845303836e-01,8.559217107881169628e-01,9.638970883330124639e-01,1.500000000000000000e+00,9.687414727681243898e-01,0.000000000000000000e+00,2.086936833179354744e-01,2.366362805553609006e-01,7.148516312969470654e-01,6.369937280756027276e-01,1.005556628922199325e+00
4.870592482862833861e-01,1.290110556695335697e+00,3.756688343134058639e-01,5.620509865563805274e-01,1.500000000000000000e+00,5.268163025454747350e-01,6.897803180834305437e-01,9.393666002362118794e-01,1.000422340849449032e+00,8.291736962745462902e-01,0.000000000000000000e+00,5.400124317972937460e-01
0.000000000000000000e+00,8.905339734939683449e-01,5.513823249367003632e-01,1.034529831147805279e+00,1.500000000000000000e+00,3.444450023125484317e-01,9.144107224799195022e-01,4.782299306296969310e-01,1.500000000000000000e+00,1.370439602846952543e+00,1.357341445093944998e-01,9.446976826433404195e-01
0.000000000000000000e+00,6.333474510059159401e-01,1.500000000000000000e+00,4.932870042230309005e-01,4.920333856417870577e-01,1.131385840232269402e+00,9.187505152835638844e-01,5.253924517173670372e-01,1.039847299292271376e+00,9.022933328524198604e-01,1.500000000000000000e+00,7.394413482809447657e-01
4.503946378647328275e-01,1.126166217965114624e+00,4.488375867727464885e-01,6.401935290385015742e-01,1.500000000000000000e+00,2.941869200985690047e-01,8.647465878285609531e-01,7.882376753496165289e-01,1.486318306560217684e+00,1.148446984751384070e+00,0.000000000000000000e+00,8.330795800015952102e-01
1.200918905243923085e+00,2.754411831183308790e-01,4.596809576764384619e-01,1.500000000000000000e+00,1.500000000000000000e+00,1.005935652910219913e+00,2.433703279056499691e-01,2.094520459183105490e-02,0.000000000000000000e+00,3.622737618665954340e-01,3.893021148426724087e-01,7.395201115003066095e-01
0.000000000000000000e+00,6.417822740284907790e-02,6.771882367206761844e-01,1.500000000000000000e+00,1.500000000000000000e+00,9.064270569217113271e-01,1.286369853476429848e+00,0.000000000000000000e+00,0.000000000000000000e+00,6.674657629240607903e-01,5.989046076610110569e-01,3.196688493811675191e-01
4.984004994043149672e-01,1.167911314965581759e+00,6.489461966910813340e-01,0.000000000000000000e+00,8.316122603604610974e-01,2.418210819628050234e-01,6.156861368604744644e-01,0.000000000000000000e+00,1.360423154270386403e+00,1.500000000000000000e+00,6.806645536606646951e-01,8.466560299732210915e-01
2.774945502307127887e-01,1.069489567900120175e+00,4.905768127318126948e-01,6.701016576122704738e-01,1.500000000000000000e+00,2.877341201106393687e-01,8.841547946615718745e-01,7.161701133309011924e-01,1.500000000000000000e+00,1.230673624346229067e+00,0.000000000000000000e+00,9.138504820057233857e-01
0.000000000000000000e+00,2.720653655638945873e-02,4.534611607296899494e-01,1.500000000000000000e+00,1.500000000000000000e+00,1.264439514991615221e+00,1.352594340029859898e+00,3.346788959863064572e-02,0.000000000000000000e+00,7.158496787230789193e-01,3.208920247229687384e-01,4.755139570829856610e-01
0.000000000000000000e+00,2.084043956752474058e-01,1.258200691604575372e+00,1.500000000000000000e+00,1.342203611078697456e+00,1.454080178391880640e+00,8.762637407973496995e-01,3.835277137163016214e-01,0.000000000000000000e+00,5.482676457600119679e-01,1.500000000000000000e+00,2.962772787038678857e-01
0.000000000000000000e+00,1.190788308752158908e+00,7.845113493379354264e-01,0.000000000000000000e+00,9.274743597820843677e-01,7.108364299155114363e-01,0.000000000000000000e+00,4.501704099153719940e-01,5.736470379864188063e-01,1.130128497982001434e+00,6.969555978052809353e-01,1.268622152834984362e+00
0.000000000000000000e+00,1.107389248393466863e+00,6.529261609157982482e-01,4.549399315269395672e-01,1.057887726478862866e+00,1.025678510064671256e+00,0.000000000000000000e+00,6.695838763675999727e-01,5.696654769379985161e-01,4.963334498654167204e-01,1.194745262071831293e+00,4.435729904737017448e-01
9.577254046762796458e-01,1.284076141734394438e+00,4.840434745823169460e-01,0.000000000000000000e+00,7.313244409033343718e-01,4.836891985836521135e-01,3.524519938359143567e-01,7.767012767385783611e-02,9.808650452867817560e-01,1.500000000000000000e+00,4.919270061872206279e-01,1.046482376946133552e+00
1.500000000000000000e+00,1.259073750162566840e+00,3.082801556586750036e-01,0.000000000000000000e+00,5.441613954874469083e-01,3.567940948936950130e-01,6.320380067288953185e-01,6.777201101504887193e-02,1.500000000000000000e+00,1.500000000000000000e+00,5.625835629671598337e-01,9.222340569180516034e-01
0.000000000000000000e+00,3.705737919343094489e-01,1.130437181031899607e+00,1.500000000000000000e+00,1.500000000000000000e+00,1.422960816102586845e+00,3.591662168113999853e-01,5.091876390183678325e-01,1.452083191930317319e-01,4.080692609575895524e-01,1.500000000000000000e+00,2.505212606002065190e-01
0.000000000000000000e+00,1.228580327177389853e+00,8.566465194284745843e-01,0.000000000000000000e+00,1.047693574961090945e+00,5.536544823440924246e-01,1.569443748079654422e-01,0.000000000000000000e+00,1.581880646611003305e-01,1.481310190056550402e+00,5.154712927931356381e-01,1.074660145486254104e+00
1.189026575317125634e+00,0.000000000000000000e+00,1.515676448637771553e-03,1.336181807261999976e+00,1.500000000000000000e+00,9.070270309141731380e-01,1.064521896424849956e+00,4.086359895344387344e-02,1.292761575013632758e+00,4.203878932362915544e-01,1.923308376987142854e-01,6.137636061612660177e-01
1.258164121000701297e+00,0.000000000000000000e+00,3.208987325363656939e-01,1.500000000000000000e+00,1.500000000000000000e+00,1.214958372471575565e+00,3.942495689033290729e-01,0.000000000000000000e+00,0.000000000000000000e+00,1.101163566386170606e-01,4.872118550681869831e-01,6.333700840382677777e-01
1.340299741158440749e+00,0.000000000000000000e+00,2.748135520165352341e-01,1.500000000000000000e+00,1.500000000000000000e+00,1.179896997624025667e+00,3.734706951995032664e-01,0.000000000000000000e+00,0.000000000000000000e+00,9.022422546039907121e-02,4.456497579909547424e-01,6.571034320862163547e-01
1.389955345817023513e+00,0.000000000000000000e+00,2.456086268527507555e-01,1.493447956127161635e+00,1.500000000000000000e+00,1.161158999303468775e+00,3.735368965037345057e-01,0.000000000000000000e+00,0.000000000000000000e+00,7.049223732326860559e-02,4.449129279266280101e-01,6.536487376245527781e-01
1.430332830428822311e+00,0.000000000000000000e+00,2.147119022794264642e-01,1.465134184488662727e+00,1.500000000000000000e+00,1.149469910323453359e+00,3.735412781202263055e-01,0.000000000000000000e+00,7.762294004810055270e-02,4.429955175242587112e-02,4.359991162964848566e-01,6.584958314712017202e-01
1.465299542341113703e+00,0.000000000000000000e+00,2.029813047819858385e-01,1.450435728956388282e+00,1.500000000000000000e+00,1.145176280760667797e+00,3.704487268839646297e-01,0.000000000000000000e+00,8.962557866887033153e-02,1.639496839193076497e-02,4.515156733967357061e-01,6.546318721996442491e-01
1.467728795258416818e+00,0.000000000000000000e+00,1.899911266164923118e-01,1.461458463219249770e+00,1.500000000000000000e+00,1.139181682041582100e+00,4.082382988863623163e-01,0.000000000000000000e+00,2.354659221930319735e-01,2.648188576515504711e-02,4.560357772164099210e-01,6.456596080698291384e-01
1.393427464683844930e+00,0.000000000000000000e+00,1.806806944699210771e-01,1.433767973702287035e+00,1.500000000000000000e+00,1.145662639970491226e+00,4.303294691409411121e-01,0.000000000000000000e+00,3.161380919443808613e-01,4.108889978977844915e-02,4.490340934091223146e-01,6.528737010104641580e-01
1.013882048123298407e+00,0.000000000000000000e+00,0.000000000000000000e+00,1.321166239195814995e+00,1.500000000000000000e+00,9.713568793401436974e-01,1.007797091778671605e+00,4.886783644146845684e-02,1.236893979657784026e+00,3.749962978909464617e-01,1.796835020888448153e-01,6.227572628368129859e-01
1.280936617263153332e+00,0.000000000000000000e+00,3.048376421710098372e-01,1.441229388678249679e+00,1.500000000000000000e+00,1.216944979230366819e+00,3.183709280167011935e-01,0.000000000000000000e+00,0.000000000000000000e+00,3.781610597873312843e-03,5.245812281505234376e-01,6.510949307525285557e-01
7.480169102169731410e-01,1.364012809669340687e+00,4.746391340634055767e-01,6.146693404114318415e-01,1.500000000000000000e+00,8.384100663901267181e-01,7.279471620249087227e-01,1.028967409192329319e+00,1.019644553104380957e+00,8.141390654677942429e-01,0.000000000000000000e+00,5.296087455224134377e-01
1.125406444044501297e+00,5.760824727158575867e-03,3.734639097131808860e-01,1.416384897508343510e+00,1.500000000000000000e+00,1.231393369293340534e+00,2.800348326781911257e-01,0.000000000000000000e+00,0.000000000000000000e+00,0.000000000000000000e+00,5.655069170933505474e-01,6.602809103166616955e-01
1.134320143345826759e+00,1.875598336026201504e-02,3.844131117562850086e-01,1.403861657989811773e+00,1.500000000000000000e+00,1.237177605190483476e+00,2.615245434183662288e-01,0.000000000000000000e+00,0.000000000000000000e+00,0.000000000000000000e+00,5.636125874965298710e-01,6.736396251727854168e-01
1.126127022870297312e+00,3.264096174831781355e-02,3.944352581848515338e-01,1.389575351619943611e+00,1.500000000000000000e+00,1.227839493873355226e+00,2.548195525026185071e-01,0.000000000000000000e+00,0.000000000000000000e+00,0.000000000000000000e+00,5.608997958322828881e-01,6.891684677743830090e-01
1.113833261845208256e+00,3.121467851324553899e-02,4.049902802360146881e-01,1.387348155294735763e+00,1.500000000000000000e+00,1.230051116881618833e+00,2.522035062561025498e-01,0.000000000000000000e+00,0.000000000000000000e+00,0.000000000000000000e+00,5.674919648404498362e-01,6.890223837399204188e-01
1.165936746759781872e+00,3.962054244531393321e-02,3.898126623017880155e-01,1.361412859952266796e+00,1.500000000000000000e+00,1.210738282541781841e+00,2.591448584065002558e-01,0.000000000000000000e+00,0.000000000000000000e+00,0.000000000000000000e+00,5.540706521055371869e-01,6.924224057426080492e-01
1.159056009136226750e+00,3.024746708105156834e-02,3.820763916404548710e-01,1.350728241899649573e+00,1.500000000000000000e+00,1.200045602934012523e+00,2.730132276504108613e-01,0.000000000000000000e+00,0.000000000000000000e+00,0.000000000000000000e+00,5.652139998568200818e-01,6.799865231697631573e-01
7.525733956148484838e-01,1.160632719337499008e+00,5.630426806527270012e-01,7.432633087625957202e-01,1.500000000000000000e+00,6.858778026632863511e-01,8.704791298461369564e-01,9.332448210655459597e-01,1.500000000000000000e+00,1.170161664277270530e+00,0.000000000000000000e+00,7.775927472219000824e-01
1.197458045379316882e+00,5.897775364103372692e-02,3.988430718373957018e-01,1.312241274336469976e+00,1.500000000000000000e+00,1.172725029871697577e+00,2.685856265018378708e-01,0.000000000000000000e+00,0.000000000000000000e+00,0.000000000000000000e+00,5.636595663763022124e-01,6.892372618231359382e-01
0.000000000000000000e+00,1.319027760001147964e+00,8.543234103528203338e-01,0.000000000000000000e+00,1.102001629914543868e+00,7.458584380714322615e-01,9.785513870813214443e-02,1.364980158281171863e-01,4.856433965979140011e-02,1.500000000000000000e+00,3.553071328082761937e-01,1.284652060739492230e+00
1.216352936113018535e+00,0.000000000000000000e+00,4.180194515937623034e-01,1.398585253269225115e+00,1.500000000000000000e+00,1.165520320426980616e+00,3.563707698576719096e-01,0.000000000000000000e+00,0.000000000000000000e+00,0.000000000000000000e+00,6.497829166429691661e-01,5.974834868484475425e-01
1.295481419626983044e+00,1.758804507632646258e-02,4.117653159708640209e-01,1.390451818889712587e+00,1.500000000000000000e+00,1.177852941082134786e+00,3.383713833606699639e-01,0.000000000000000000e+00,0.000000000000000000e+00,0.000000000000000000e+00,6.164280729866077335e-01,6.234061923963729601e-01
1.312733707775026515e+00,3.600985969827148747e-02,4.006416867100454082e-01,1.345221160616514977e+00,1.500000000000000000e+00,1.169235684553561194e+00,3.395606449060835086e-01,0.000000000000000000e+00,0.000000000000000000e+00,0.000000000000000000e+00,6.064013952984244060e-01,6.335324521281391341e-01
1.312335317534220058e+00,4.098978362779123058e-02,4.027809123096834365e-01,1.351635659977984627e+00,1.500000000000000000e+00,1.169850171472065048e+00,3.250453842153430140e-01,0.000000000000000000e+00,0.000000000000000000e+00,0.000000000000000000e+00,5.993947779193610215e-01,6.420963455273538401e-01
1.163016531025069938e-01,0.000000000000000000e+00,6.457370070630289449e-01,1.379621598395411430e+00,1.500000000000000000e+00,1.111377868418020887e+00,7.952750502511586328e-01,6.663872219267796826e-02,0.000000000000000000e+00,2.839676570685127355e-01,9.952216858487449302e-01,3.621839049925714149e-01
0.000000000000000000e+00,6.576337495354589446e-01,4.627942299172078111e-01,1.201404323213009828e+00,1.500000000000000000e+00,8.152317918313471967e-01,1.095661726973244487e+00,4.261633992476763222e-01,1.500000000000000000e+00,1.500000000000000000e+00,0.000000000000000000e+00,9.374655355199534856e-01
1.461466306536556736e+00,3.072496971240450958e-01,4.757241081862838561e-01,1.078355854728548335e+00,1.500000000000000000e+00,1.058381313027999537e+00,2.556238911568123329e-01,1.011327775876899315e-01,0.000000000000000000e+00,1.144257365233047885e-01,6.273901584944959753e-01,7.254231328614434426e-01
1.081231279575155302e+00,4.746936774446016694e-01,6.463621235348279148e-01,1.164029461850045966e+00,1.500000000000000000e+00,1.294108778201885190e+00,8.704126011859655843e-02,3.914516730299367198e-01,1.284680863569811204e-01,2.520840770447606988e-02,1.189464757585698473e+00,3.772448030583285261e-01
9.384356584781120558e-01,1.475671705664517663e+00,5.222742936248057077e-01,6.025241444696228799e-01,1.500000000000000000e+00,1.053708784429800760e+00,7.332264644094865780e-01,1.096667020349005428e+00,1.117535584514575797e+00,7.517719151167078229e-01,0.000000000000000000e+00,4.674020194215765533e-01
1.326201484176563472e+00,1.596618379077368310e-01,3.532943202782405367e-01,1.150881578410603900e+00,1.500000000000000000e+00,1.081116348601180333e+00,3.203374913312526662e-01,0.000000000000000000e+00,0.000000000000000000e+00,7.575797734109948611e-02,4.699871917121505316e-01,7.518488775859569762e-01
0.000000000000000000e+00,5.693379523860774283e-01,1.500000000000000000e+00,1.500000000000000000e+00,1.432266242769571596e+00,9.565508713378023664e-01,7.207783278716380915e-01,8.323358486704902637e-01,1.500000000000000000e+00,1.045312373134533512e+00,1.500000000000000000e+00,6.661791002707854181e-01
1.219024243907611327e+00,1.944049444658465797e-01,3.564542824381816688e-01,1.101682287096914292e+00,1.500000000000000000e+00,1.073167911194499391e+00,3.078300610926774095e-01,0.000000000000000000e+00,0.000000000000000000e+00,1.211392467862847655e-01,4.302982690666206644e-01,7.872989191840583656e-01
0.000000000000000000e+00,7.048099021121729812e-01,9.493712771274330775e-01,2.303309907283032920e-01,7.135967723047050848e-01,8.134968299390139546e-01,9.352542890782660212e-01,0.000000000000000000e+00,0.000000000000000000e+00,1.298181504781537710e+00,1.010344685865971925e+00,5.853168680045530703e-01
0.000000000000000000e+00,6.219059951165404332e-01,1.500000000000000000e+00,1.500000000000000000e+00,1.500000000000000000e+00,1.145166555320491053e+00,8.129212873536647566e-01,7.765678372631007464e-01,1.500000000000000000e+00,1.500000000000000000e+00,1.365365144887929816e+00,1.500000000000000000e+00
1.008069637155012188e+00,1.325364202574727424e+00,5.556144484222587110e-01,6.415745588293038093e-01,1.500000000000000000e+00,8.685396294290479435e-01,8.152957973605968744e-01,1.030741947600111175e+00,1.454520754281032113e+00,9.920334314356749061e-01,0.000000000000000000e+00,6.496088170209202151e-01
0.000000000000000000e+00,6.961687905428981527e-01,9.981704073314870973e-01,1.264186576201404566e-01,5.810808022157134545e-01,9.015519600979658987e-01,9.551567369308517907e-01,0.000000000000000000e+00,0.000000000000000000e+00,1.322888270104443764e+00,1.048832643609276749e+00,5.950523370695681713e-01
1.090699169786297773e+00,2.465479360870126424e-01,4.072425297407859524e-01,1.109542304538718716e+00,1.500000000000000000e+00,1.040087119399927040e+00,2.828693936442738255e-01,0.000000000000000000e+00,0.000000000000000000e+00,2.250453004089674469e-01,3.916719562180645542e-01,8.377769699702855011e-01
1.398001261885053692e+00,1.190844837059216399e+00,5.731539962311552605e-01,7.081919161437193466e-01,1.500000000000000000e+00,6.217631681987841885e-01,8.717721660222759184e-01,9.420055200979498000e-01,1.500000000000000000e+00,1.207060922722390073e+00,0.000000000000000000e+00,7.933431873572149851e-01
0.000000000000000000e+00,5.716141446789632097e-01,3.280749481719556493e-01,1.086703058076909034e+00,1.500000000000000000e+00,6.806607479563452356e-01,1.073378543207954783e+00,3.355413991674006668e-01,1.500000000000000000e+00,1.399298583383568273e+00,0.000000000000000000e+00,8.318521637516143041e-01
0.000000000000000000e+00,1.016582594350764479e+00,1.500000000000000000e+00,7.693135758099638455e-01,1.500000000000000000e+00,1.500000000000000000e+00,1.271291935168696208e+00,1.271619904415796309e+00,1.500000000000000000e+00,1.500000000000000000e+00,0.000000000000000000e+00,1.418897152899585956e+00
0.000000000000000000e+00,2.115896522427543891e-01,1.037778375512473095e-01,1.168650628475723208e+00,1.500000000000000000e+00,7.925732590685444778e-01,1.084255765320873977e+00,8.110370893601299980e-02,0.000000000000000000e+00,8.660943160497411863e-01,0.000000000000000000e+00,4.993275118246411348e-01
0.000000000000000000e+00,9.240339260262382393e-01,7.662603288385800848e-01,2.743950758865381090e-01,1.500000000000000000e+00,6.621410095194664169e-01,1.897659956658687419e-01,0.000000000000000000e+00,0.000000000000000000e+00,1.107120745622261815e+00,2.889513531872409668e-01,1.056076436570938526e+00
7.018079833082042640e-01,3.294485437381823867e-01,4.355868374654793818e-01,9.437792557091833068e-01,1.500000000000000000e+00,9.725498628222853936e-01,2.132852359434251055e-01,0.000000000000000000e+00,0.000000000000000000e+00,2.651709637092569127e-01,3.699717263836009851e-01,8.690102166809307027e-01
0.000000000000000000e+00,1.246060480459195929e+00,5.529893559521318336e-01,6.864713070512806770e-02,1.500000000000000000e+00,2.737012752597606791e-01,1.553225233986725851e-01,3.265016505706126448e-01,1.139341784178842021e+00,1.267359575999706944e+00,0.000000000000000000e+00,1.389499241747938596e+00
1.109214203152114830e+00,2.444733397294250599e-01,4.222000408326993526e-01,1.077959407731790220e+00,1.500000000000000000e+00,1.037434399241336402e+00,2.260717718020812950e-01,0.000000000000000000e+00,0.000000000000000000e+00,1.669587639400851309e-01,4.254444604816295383e-01,8.155874554632946971e-01
0.000000000000000000e+00,3.495045549458734024e-01,1.675735450838752028e-01,9.645592368863115107e-01,1.500000000000000000e+00,7.298784235379067731e-01,1.078463823158046120e+00,1.890970506546872099e-01,7.149454380297762812e-01,9.499701590569387122e-01,0.000000000000000000e+00,6.201152817362679537e-01
0.000000000000000000e+00,2.889408848580694578e-01,6.220240247022175151e-01,1.048151218568087240e+00,1.500000000000000000e+00,8.786044995160641191e-01,2.687676971945753834e-01,0.000000000000000000e+00,0.000000000000000000e+00,3.956642506717602537e-01,5.989692872388557854e-01,7.019122568674499574e-01
0.000000000000000000e+00,7.463305243158286917e-01,5.323820881063582311e-01,1.039385082474955091e+00,1.500000000000000000e+00,6.014880524687020724e-01,1.014585808054715432e+00,5.723906611285661805e-01,1.500000000000000000e+00,1.478034117235911049e+00,0.000000000000000000e+00,8.863454786809548125e-01
0.000000000000000000e+00,6.251944087972217678e-01,1.280061753028223670e+00,1.500000000000000000e+00,1.500000000000000000e+00,8.777184614888204894e-01,6.598598778209547877e-01,8.875473580236662441e-01,1.500000000000000000e+00,7.691260185471368027e-01,1.500000000000000000e+00,3.012220380582104062e-01
1.222957185863107865e+00,2.563705044688524559e-01,4.385637919721436795e-01,1.216207179645981018e+00,1.500000000000000000e+00,1.123670329690114045e+00,2.712871142014385839e-01,0.000000000000000000e+00,0.000000000000000000e+00,2.289936432394916732e-01,4.419416573523141656e-01,7.953828360911873174e-01
1.252731364012604542e+00,2.391889721900578025e-01,4.380266921719590534e-01,1.228400528322784346e+00,1.500000000000000000e+00,1.116468350169146584e+00,2.751802296305096984e-01,0.000000000000000000e+00,0.000000000000000000e+00,2.030774059350679006e-01,4.567594414834982297e-01,7.807417643551635145e-01
1.258450485915424633e+00,2.278680447549238375e-01,4.441802366499957300e-01,1.222744341103003007e+00,1.500000000000000000e+00,1.102357216980643262e+00,3.010592717117747674e-01,0.000000000000000000e+00,0.000000000000000000e+00,1.928188297647287219e-01,4.896395904438758939e-01,7.560926751726807504e-01
0.000000000000000000e+00,9.042734358427181318e-01,6.207016441544062069e-01,8.574214839006911726e-01,1.500000000000000000e+00,6.123624961057065885e-01,9.913709344652986699e-01,7.402145835283359121e-01,1.500000000000000000e+00,1.438627554344040771e+00,0.000000000000000000e+00,9.187928331634307444e-01
1.413133831980487809e+00,2.483023854189745083e-01,4.538919997219809099e-01,1.281580049819344591e+00,1.500000000000000000e+00,1.112255338415237382e+00,3.211614865362465432e-01,0.000000000000000000e+00,0.000000000000000000e+00,2.340960455656730110e-01,4.792249958589959169e-01,7.665548523517351498e-01
1.413474876389848589e+00,2.359159521526894010e-01,4.747674682738654006e-01,1.281727936205102170e+00,1.500000000000000000e+00,1.141228190040954438e+00,3.138164553822200831e-01,0.000000000000000000e+00,0.000000000000000000e+00,2.239509713574970584e-01,4.963476546874773243e-01,7.720854864387157734e-01
1.475647258017319219e+00,2.138566914003675601e-01,4.825720832676041461e-01,1.351645233573567362e+00,1.500000000000000000e+00,1.194149476786408925e+00,3.091964265614615681e-01,0.000000000000000000e+00,0.000000000000000000e+00,2.101489427458193837e-01,4.990634785698330189e-01,7.659718597148538199e-01
1.456966013735012666e+00,2.478209131649347086e-01,4.857514558940274618e-01,1.310069679789858776e+00,1.500000000000000000e+00,1.152334373745265150e+00,3.043751505744505259e-01,0.000000000000000000e+00,0.000000000000000000e+00,2.341658973626901119e-01,4.982450220966793131e-01,7.719691648698059350e-01
1.435641993757941659e+00,2.297470649641765728e-01,4.937679794162079250e-01,1.350596752383103283e+00,1.500000000000000000e+00,1.203789771007381493e+00,3.158980095604116412e-01,0.000000000000000000e+00,0.000000000000000000e+00,2.369481749402181092e-01,5.016542973437657649e-01,7.669807391302464472e-01
1.496112868222053471e+00,2.515032568323612994e-01,4.683731778308697358e-01,1.310229517404721378e+00,1.500000000000000000e+00,1.162807675611676084e+00,3.052108266758190580e-01,0.000000000000000000e+00,0.000000000000000000e+00,2.115376802124499245e-01,4.861265931059918222e-01,7.722623790674897348e-01
1.456007524206725412e+00,2.790354511115167302e-01,4.945505561342257717e-01,1.262663209257665509e+00,1.500000000000000000e+00,1.134798874155114268e+00,3.098806243004855743e-01,0.000000000000000000e+00,0.000000000000000000e+00,2.653532584103828751e-01,4.945344934209916499e-01,7.766164662799989182e-01
1.476538441379674049e+00,2.743961772921195696e-01,4.959356996888834579e-01,1.283307384714768906e+00,1.500000000000000000e+00,1.150729043004946606e+00,3.015762300315382172e-01,0.000000000000000000e+00,0.000000000000000000e+00,2.552875732413712462e-01,4.980717619245109695e-01,7.709955326656344754e-01
1.483396369237216961e+00,3.047419181568437052e-01,4.734815581896150150e-01,1.231725568370590773e+00,1.500000000000000000e+00,1.128942704348131265e+00,2.997915746764026057e-01,0.000000000000000000e+00,0.000000000000000000e+00,2.648591066959471996e-01,4.702903638289840371e-01,7.876826887963380708e-01
1.457143090697001986e+00,3.006798925313932669e-01,4.957685062627693040e-01,1.240909202434014702e+00,1.500000000000000000e+00,1.126495958473179515e+00,2.995054984254918451e-01,0.000000000000000000e+00,0.000000000000000000e+00,2.699726147655175379e-01,5.024969919856642209e-01,7.672974718526920368e-01
