4.408879272364801949e+01,4.408879272364801949e+01,4.408879272364801949e+01,4.408879272364801949e+01,4.408879272364801949e+01,4.408879272364801949e+01,4.408879272364801949e+01,4.408879272364801949e+01,4.408879272364801949e+01,4.408879272364801949e+01,4.318173779630968312e+01,4.318173779630968312e+01,4.318173779630968312e+01,4.314617355101746199e+01,4.287577771078281330e+01,4.287577771078281330e+01,4.287577771078281330e+01,4.238802660978858938e+01,4.141026465281655788e+01,4.115837744101057893e+01,4.115524409708515918e+01
4.434245062436384188e+01,4.434245062436384188e+01,4.434245062436384188e+01,4.434245062436384188e+01,4.434245062436384188e+01,4.432083918533005829e+01,4.432083918533005829e+01,4.432083918533005829e+01,4.432083918533005829e+01,4.430498988989289444e+01,4.413246076200108803e+01,4.413246076200108803e+01,4.413246076200108803e+01,4.413246076200108803e+01,4.413246076200108803e+01,4.413246076200108803e+01,4.413246076200108803e+01,4.168554653913066943e+01,4.168554653913066943e+01,4.168554653913066943e+01,4.082745577963954986e+01
4.428426651046100204e+01,4.428426651046100204e+01,4.428426651046100204e+01,4.428426651046100204e+01,4.428426651046100204e+01,4.428276144287302429e+01,4.428276144287302429e+01,4.428276144287302429e+01,4.428276144287302429e+01,4.428276144287302429e+01,4.425945793699862207e+01,4.425945793699862207e+01,4.425945793699862207e+01,4.397300480365688458e+01,4.397300480365688458e+01,4.397300480365688458e+01,4.397300480365688458e+01,4.140150308925477418e+01,4.140150308925477418e+01,4.140150308925477418e+01,4.140150308925477418e+01
4.423740578423381464e+01,4.423740578423381464e+01,4.423740578423381464e+01,4.423740578423381464e+01,4.423740578423381464e+01,4.356311978892824754e+01,4.356311978892824754e+01,4.356311978892824754e+01,4.356311978892824754e+01,4.356311978892824754e+01,4.355891980478486403e+01,4.355891980478486403e+01,4.355891980478486403e+01,4.310255883586614800e+01,4.310255883586614800e+01,4.300873338745351049e+01,4.300873338745351049e+01,4.300873338745351049e+01,4.300873338745351049e+01,4.300873338745351049e+01,4.300873338745351049e+01
4.227816463669850577e+01,4.227816463669850577e+01,4.227816463669850577e+01,4.158458664935000826e+01,4.158458664935000826e+01,4.151529540340591495e+01,4.151529540340591495e+01,4.151529540340591495e+01,4.151529540340591495e+01,4.151529540340591495e+01,4.151529540340591495e+01,4.151529540340591495e+01,4.151529540340591495e+01,4.079058848538534221e+01,4.079058848538534221e+01,4.079058848538534221e+01,4.079058848538534221e+01,4.079058848538534221e+01,4.079058848538534221e+01,4.079058848538534221e+01,4.079058848538534221e+01
4.565314954838527939e+01,4.565314954838527939e+01,4.565314954838527939e+01,4.565314954838527939e+01,4.565314954838527939e+01,4.565314954838527939e+01,4.565314954838527939e+01,4.565314954838527939e+01,4.565314954838527939e+01,4.565314954838527939e+01,4.565314954838527939e+01,4.565314954838527939e+01,4.446030991511917563e+01,4.209139072747319688e+01,3.982189777443804246e+01,3.915072491820575351e+01,3.915072491820575351e+01,3.805737037477008045e+01,3.801752878861294960e+01,3.735641270226739152e+01,3.735641270226739152e+01
4.326344993544065431e+01,4.326344993544065431e+01,4.325326088728127871e+01,4.325326088728127871e+01,4.325326088728127871e+01,4.325326088728127871e+01,4.325326088728127871e+01,4.325326088728127871e+01,4.325326088728127871e+01,4.221182304002043395e+01,4.221182304002043395e+01,4.221182304002043395e+01,4.221182304002043395e+01,4.185044948232730633e+01,4.185044948232730633e+01,4.185044948232730633e+01,4.185044948232730633e+01,4.185044948232730633e+01,4.185044948232730633e+01,4.185044948232730633e+01,4.185044948232730633e+01
4.340101179849425961e+01,4.322115570486283076e+01,4.322115570486283076e+01,4.322115570486283076e+01,4.322115570486283076e+01,4.322115570486283076e+01,4.322115570486283076e+01,4.322115570486283076e+01,4.322115570486283076e+01,4.322115570486283076e+01,4.322115570486283076e+01,4.322115570486283076e+01,4.319549861045869221e+01,4.295822374168213287e+01,4.295822374168213287e+01,4.295822374168213287e+01,4.295822374168213287e+01,4.287939392816210926e+01,4.287939392816210926e+01,4.287939392816210926e+01,4.287384542170475044e+01
4.264448664673183487e+01,4.264448664673183487e+01,4.264448664673183487e+01,4.264448664673183487e+01,4.264448664673183487e+01,4.264448664673183487e+01,4.262562388021336091e+01,4.262562388021336091e+01,4.262562388021336091e+01,4.262562388021336091e+01,4.262390484276463809e+01,4.262332349606237614e+01,4.262332349606237614e+01,4.241928844376496954e+01,4.241928844376496954e+01,4.241928844376496954e+01,4.241928844376496954e+01,4.241928844376496954e+01,4.241928844376496954e+01,4.232928662282574095e+01,4.232928662282574095e+01
4.323887702161562885e+01,4.323887702161562885e+01,4.323887702161562885e+01,4.323887702161562885e+01,4.323887702161562885e+01,4.323887702161562885e+01,4.323887702161562885e+01,4.323887702161562885e+01,4.323887702161562885e+01,4.323887702161562885e+01,4.323887702161562885e+01,4.323887702161562885e+01,4.323887702161562885e+01,4.302186576958666109e+01,4.302186576958666109e+01,4.302186576958666109e+01,4.302186576958666109e+01,4.302186576958666109e+01,4.255150512258418161e+01,4.255150512258418161e+01,4.223962629577486183e+01
