4.086798936181619268e+00,2.999295055988028480e+00,1.977591067996661067e+00,7.300026859570127868e-01,6.942091830199395019e-01,6.254433811969182244e-01,6.251721229001372393e-01,6.251721229001372393e-01,6.251721229001372393e-01,6.251721229001372393e-01,6.251721229001372393e-01,4.923466374878486818e-01,4.923466374878486818e-01,4.923466374878486818e-01,4.923466374878486818e-01,4.923466374878486818e-01,4.923466374878486818e-01,4.923466374878486818e-01,4.923466374878486818e-01,4.923466374878486818e-01,4.923466374878486818e-01
8.030923831672485136e+00,4.199123924585919099e+00,4.171496719304400358e+00,7.689288399728191337e-01,7.689288399728191337e-01,6.518674005473492628e-01,4.671081933384595430e-01,3.812704859570406057e-01,3.812704859570406057e-01,3.812704859570406057e-01,3.812704859570406057e-01,3.812704859570406057e-01,3.812704859570406057e-01,3.812704859570406057e-01,3.812704859570406057e-01,3.812704859570406057e-01,3.812704859570406057e-01,3.812704859570406057e-01,3.812704859570406057e-01,3.812704859570406057e-01,3.812704859570406057e-01
3.524550065350098293e+00,1.566594892327387356e+00,1.566594892327387356e+00,1.566594892327387356e+00,1.566594892327387356e+00,1.549280918046047617e+00,7.804345434899300216e-01,7.141144959794267777e-01,3.757793786440846162e-01,3.757793786440846162e-01,3.757793786440846162e-01,3.501098457684150844e-01,3.501098457684150844e-01,3.501098457684150844e-01,3.501098457684150844e-01,3.501098457684150844e-01,3.501098457684150844e-01,3.501098457684150844e-01,3.202757118410204384e-01,3.115390848321730743e-01,3.115390848321730743e-01
4.357547543169349780e+00,3.158944936549536564e+00,3.158944936549536564e+00,3.158944936549536564e+00,1.046693531015433720e+00,6.568688068646721945e-01,4.986304462169286467e-01,4.126848789174886178e-01,3.520371065780185660e-01,3.520371065780185660e-01,3.520371065780185660e-01,3.520371065780185660e-01,2.538818052789846291e-01,2.538818052789846291e-01,2.538818052789846291e-01,2.538818052789846291e-01,2.538818052789846291e-01,2.538818052789846291e-01,2.538818052789846291e-01,2.538818052789846291e-01,2.538818052789846291e-01
7.160571099827093278e+00,6.474694609078140317e+00,2.964551678196622575e+00,6.696171498947744993e-01,6.696171498947744993e-01,5.800762711088811585e-01,4.542797154553692707e-01,4.542797154553692707e-01,4.309447729477220435e-01,4.309447729477220435e-01,4.309447729477220435e-01,3.611582534429871316e-01,1.852277270806190757e-01,1.852277270806190757e-01,1.852277270806190757e-01,1.852277270806190757e-01,1.852277270806190757e-01,1.852277270806190757e-01,1.852277270806190757e-01,1.852277270806190757e-01,1.852277270806190757e-01
6.014387338592074528e+00,5.973827716084421979e+00,5.538519631169727120e+00,1.076276392636170698e+00,1.076276392636170698e+00,1.036543289613645058e+00,7.047387205987636349e-01,7.047387205987636349e-01,6.708420139238882030e-01,6.708420139238882030e-01,6.708420139238882030e-01,6.708420139238882030e-01,6.708420139238882030e-01,6.708420139238882030e-01,5.945975532339264902e-01,5.945975532339264902e-01,5.945975532339264902e-01,5.945975532339264902e-01,5.945975532339264902e-01,5.945975532339264902e-01,5.945975532339264902e-01
2.733348824286467860e+00,2.733348824286467860e+00,2.578502160816627864e+00,9.368904018536898803e-01,8.750477425667231302e-01,8.136781317946102376e-01,6.273582281015759321e-01,6.024129807132059256e-01,6.024129807132059256e-01,3.502964683879756791e-01,3.480213085937098327e-01,3.480213085937098327e-01,3.480213085937098327e-01,3.480213085937098327e-01,3.480213085937098327e-01,3.480213085937098327e-01,3.480213085937098327e-01,2.853697610263949969e-01,2.853697610263949969e-01,2.853697610263949969e-01,2.853697610263949969e-01
5.593509716935875176e+00,8.052131914586677652e-01,8.052131914586677652e-01,8.052131914586677652e-01,4.246989046182552130e-01,2.832045745481881482e-01,2.832045745481881482e-01,2.832045745481899246e-01,2.487922499057635406e-01,1.831242558064083426e-01,1.831242558064083426e-01,1.831242558064083426e-01,1.831242558064083426e-01,1.831242558064083426e-01,1.831242558064083426e-01,1.831242558064083426e-01,1.831242558064083426e-01,1.831242558064083426e-01,1.831242558064083426e-01,1.831242558064083426e-01,1.831242558064083426e-01
5.735794880063263435e+00,3.952600474830349597e+00,3.888535309445993349e+00,2.264774560032211781e+00,9.408725089562803845e-01,7.261326384662005751e-01,7.261326384662005751e-01,7.085985005232675604e-01,6.432039851690749543e-01,6.432039851690749543e-01,6.432039851690749543e-01,6.117767401885210177e-01,5.705460908919839369e-01,5.705460908919839369e-01,3.629869452224632198e-01,3.629869452224632198e-01,3.629869452224632198e-01,3.629869452224632198e-01,3.629869452224632198e-01,3.629869452224632198e-01,3.629869452224632198e-01
6.610316275536764152e+00,1.145117818654354025e+00,1.145117818654354025e+00,1.145117818654354025e+00,8.129873821050423999e-01,7.736394765614900138e-01,6.717719616144464112e-01,6.717719616144464112e-01,4.803129500755769499e-01,4.803129500755769499e-01,4.803129500755769499e-01,4.803129500755769499e-01,4.803129500755769499e-01,4.715467133541970668e-01,4.630599919654230234e-01,4.603620286933853833e-01,4.603620286933853833e-01,4.603620286933853833e-01,4.600927028883852188e-01,4.600927028883869951e-01,4.600927028883887715e-01
