1.101591086387634277e+01,1.026796293258666992e+01,1.413246393203735352e+01,1.287091684341430664e+01,1.094590663909912109e+01,1.028209066390991211e+01,1.831964850425720215e+01,1.223283910751342773e+01,9.039925098419189453e+00,9.237392425537109375e+00
1.273984479904174805e+01,1.601102995872497559e+01,1.916231918334960938e+01,1.246042871475219727e+01,1.058656501770019531e+01,1.133340167999267578e+01,6.499613046646118164e+00,6.831089258193969727e+00,5.030839443206787109e+00,5.002154350280761719e+00
1.082204699516296387e+01,1.375105452537536621e+01,1.559403753280639648e+01,1.077028179168701172e+01,6.844388723373413086e+00,5.724047660827636719e+00,7.947740077972412109e+00,4.997503757476806641e+00,1.536626315116882324e+01,1.748270702362060547e+01
1.375331139564514160e+01,1.136982941627502441e+01,9.542983055114746094e+00,1.101681113243103027e+01,1.108191704750061035e+01,1.270670151710510254e+01,1.430805683135986328e+01,1.606303048133850098e+01,1.532023549079895020e+01,1.849244451522827148e+01
1.174464559555053711e+01,1.077073740959167480e+01,9.092339992523193359e+00,1.055967450141906738e+01,1.005488538742065430e+01,8.533045530319213867e+00,7.233211278915405273e+00,8.521471261978149414e+00,8.504112720489501953e+00,1.225989580154418945e+01
1.407495236396789551e+01,6.587876081466674805e+00,2.337486028671264648e+00,6.021830558776855469e+00,3.099352121353149414e+00,9.609073162078857422e+00,8.472557067871093750e+00,1.050883054733276367e+01,9.789156913757324219e+00,1.069242453575134277e+01
1.396799349784851074e+01,3.265953660011291504e+01,8.953532457351684570e+00,9.297467947006225586e+00,9.526072025299072266e+00,7.603928327560424805e+00,8.667558908462524414e+00,7.336925983428955078e+00,7.144435405731201172e+00,1.021820259094238281e+01
8.235777139663696289e+00,5.312941312789916992e+00,5.179189443588256836e+00,9.405380010604858398e+00,8.944982767105102539e+00,3.743869304656982422e+00,4.256734371185302734e+00,5.802702188491821289e+00,5.135823249816894531e+00,5.635249853134155273e+00
1.317126274108886719e+01,8.848140478134155273e+00,3.092618465423583984e+00,1.262455177307128906e+01,4.168042421340942383e+00,3.820796728134155273e+00,3.560674667358398438e+00,8.816451072692871094e+00,8.239506721496582031e+00,6.480874300003051758e+00
2.181084871292114258e+01,2.145754504203796387e+01,1.710964941978454590e+01,1.557645106315612793e+01,1.304465627670288086e+01,1.309666013717651367e+01,1.280901980400085449e+01,1.400083470344543457e+01,1.188553547859191895e+01,1.296663951873779297e+01
