2.460303497314453125e+01,8.926489114761352539e+00,1.227020525932312012e+01,1.444363331794738770e+01,1.128221464157104492e+01,1.721453475952148438e+01,2.246855711936950684e+01,2.588008737564086914e+01,2.151444554328918457e+01,3.281564855575561523e+01
1.261120414733886719e+01,2.162231683731079102e+01,2.367165255546569824e+01,1.374894952774047852e+01,8.178820610046386719e+00,1.596262025833129883e+01,1.707188725471496582e+01,2.104185771942138672e+01,1.214944577217102051e+01,2.459233164787292480e+01
6.340502738952636719e+00,1.252895379066467285e+01,1.035190820693969727e+01,2.330341076850891113e+01,3.747334861755371094e+01,2.397730302810668945e+01,2.868266940116882324e+01,1.247683095932006836e+01,1.821207141876220703e+01,2.589348387718200684e+01
5.298146605491638184e+01,8.649147510528564453e+00,2.125468802452087402e+01,1.449346256256103516e+01,1.285681247711181641e+01,1.384665536880493164e+01,2.132001447677612305e+01,2.209149289131164551e+01,1.675098633766174316e+01,1.049861288070678711e+01
2.162335419654846191e+01,1.269352841377258301e+01,1.725892424583435059e+01,2.010227131843566895e+01,1.190547704696655273e+01,1.707486963272094727e+01,1.971266579627990723e+01,1.481566214561462402e+01,1.715631461143493652e+01,1.618739056587219238e+01
2.095885634422302246e+01,7.218750953674316406e+00,1.302801132202148438e+01,1.001132106781005859e+01,1.940426421165466309e+01,1.891581320762634277e+01,2.482872247695922852e+01,2.899811124801635742e+01,2.019256043434143066e+01,1.662113809585571289e+01
1.935379576683044434e+01,2.353485965728759766e+01,1.045270156860351562e+01,1.829532694816589355e+01,1.705154657363891602e+01,2.240882992744445801e+01,1.172020030021667480e+01,2.356206870079040527e+01,1.424636936187744141e+01,1.270584297180175781e+01
9.333461284637451172e+00,2.188084411621093750e+01,1.438110494613647461e+01,1.137935638427734375e+01,1.359480214118957520e+01,2.035733938217163086e+01,2.207478547096252441e+01,2.651596498489379883e+01,7.353469371795654297e+00,1.598924064636230469e+01
1.823304510116577148e+01,1.605448222160339355e+01,1.832551598548889160e+01,1.719649124145507812e+01,1.287189483642578125e+01,2.272940921783447266e+01,1.906551718711853027e+01,3.326789617538452148e+01,2.616284894943237305e+01,1.478203511238098145e+01
7.426464080810546875e+00,1.243497228622436523e+01,1.762720561027526855e+01,1.973811054229736328e+01,1.729276967048645020e+01,1.762907314300537109e+01,1.596992349624633789e+01,2.495917987823486328e+01,2.406410956382751465e+01,2.133548521995544434e+01
