7.538537740707397461e+00,7.976881504058837891e+00,1.092576408386230469e+01,1.405501413345336914e+01,2.197863984107971191e+01,2.178408575057983398e+01,2.487373208999633789e+01,2.473206210136413574e+01,2.205604028701782227e+01,1.841061854362487793e+01
5.673105478286743164e+00,7.228261232376098633e+00,9.457918405532836914e+00,1.418945360183715820e+01,2.089101004600524902e+01,2.182402682304382324e+01,1.957395887374877930e+01,2.344623875617980957e+01,1.797336316108703613e+01,1.982822036743164062e+01
6.628835201263427734e+00,8.355109930038452148e+00,8.870661258697509766e+00,1.994208812713623047e+01,1.593812608718872070e+01,1.796136593818664551e+01,2.455871939659118652e+01,2.265914559364318848e+01,3.734992051124572754e+01,2.785296750068664551e+01
5.039199829101562500e+00,8.298935890197753906e+00,1.410312843322753906e+01,1.090568900108337402e+01,1.574143028259277344e+01,1.801558446884155273e+01,1.829703927040100098e+01,1.948765301704406738e+01,2.445671486854553223e+01,2.222406411170959473e+01
1.156835794448852539e+01,7.067135572433471680e+00,1.044739198684692383e+01,1.511441493034362793e+01,1.891879749298095703e+01,1.691829681396484375e+01,1.944569015502929688e+01,1.559849524497985840e+01,1.942818379402160645e+01,2.380404114723205566e+01
7.754489421844482422e+00,1.135799717903137207e+01,1.343405508995056152e+01,1.999196290969848633e+01,1.781992053985595703e+01,1.935410141944885254e+01,3.454485797882080078e+01,2.508328676223754883e+01,2.851713800430297852e+01,2.062055301666259766e+01
7.407138109207153320e+00,8.157210111618041992e+00,1.099395346641540527e+01,1.186605572700500488e+01,1.505738234519958496e+01,2.546795392036437988e+01,2.226186919212341309e+01,2.101513385772705078e+01,2.640594434738159180e+01,3.291235089302062988e+01
1.184488797187805176e+01,1.206601428985595703e+01,1.131518912315368652e+01,1.105042409896850586e+01,1.570094704627990723e+01,1.462340879440307617e+01,1.954357171058654785e+01,2.280627417564392090e+01,2.172999525070190430e+01,1.935392737388610840e+01
8.588190078735351562e+00,9.919178962707519531e+00,1.232085371017456055e+01,1.598792791366577148e+01,1.824700856208801270e+01,1.649537229537963867e+01,1.893154287338256836e+01,2.131156039237976074e+01,2.223230195045471191e+01,2.897492146492004395e+01
3.020569562911987305e+00,7.957786798477172852e+00,1.291030240058898926e+01,1.900517582893371582e+01,1.883076620101928711e+01,2.662437105178833008e+01,2.274732208251953125e+01,1.826865291595458984e+01,2.165212178230285645e+01,3.732019019126892090e+01
