8.072352647781372070e+00,1.778050684928894043e+01,2.459707880020141602e+01,2.622696805000305176e+01,2.674108624458312988e+01
7.699590682983398438e+00,1.517148494720458984e+01,1.667526817321777344e+01,1.409164953231811523e+01,1.191374945640563965e+01
6.306540966033935547e+00,2.097259712219238281e+01,1.143735980987548828e+01,2.009068584442138672e+01,2.016550278663635254e+01
4.936226129531860352e+00,2.160744094848632812e+01,1.568604421615600586e+01,1.149279952049255371e+01,1.611836552619934082e+01
5.096843719482421875e+00,2.236136007308959961e+01,2.562913727760314941e+01,1.116903972625732422e+01,1.122298693656921387e+01
1.822734951972961426e+01,2.488656854629516602e+01,1.513401651382446289e+01,1.963575291633605957e+01,2.090202689170837402e+01
7.173347711563110352e+00,1.799497652053833008e+01,3.629227638244628906e+01,1.772534561157226562e+01,2.815817975997924805e+01
5.639629602432250977e+00,1.796036815643310547e+01,3.254153823852539062e+01,2.024631404876708984e+01,3.220778322219848633e+01
6.715617418289184570e+00,1.825561404228210449e+01,1.541117024421691895e+01,1.527390813827514648e+01,1.424423599243164062e+01
9.420853376388549805e+00,1.843214106559753418e+01,2.836359000205993652e+01,1.762490320205688477e+01,1.119691276550292969e+01
