3.463352680206298828e+00,4.374740839004516602e+00,5.479096412658691406e+00
3.729376316070556641e+00,4.559641361236572266e+00,5.313474416732788086e+00
3.167128324508666992e+00,7.148946762084960938e+00,5.116557836532592773e+00
2.738204479217529297e+00,3.717801570892333984e+00,4.764769554138183594e+00
4.996080636978149414e+00,4.585228443145751953e+00,4.552421092987060547e+00
4.113988876342773438e+00,5.265718460083007812e+00,4.562183856964111328e+00
5.493125915527343750e+00,3.558760881423950195e+00,5.349123954772949219e+00
3.107349634170532227e+00,3.906912326812744141e+00,5.669352769851684570e+00
2.957273006439208984e+00,4.798167705535888672e+00,6.905088663101196289e+00
2.974549770355224609e+00,5.457948207855224609e+00,4.703469753265380859e+00
