5.487433875221841006e-01,2.738757203238408877e-01,2.738757203238408877e-01,2.738757203238408877e-01,2.738757203238408877e-01,2.285260575875174283e-01,2.014974956909423298e-01,1.772636354804584258e-01,1.012564489825340530e-01,9.227819400966641439e-02,8.049639561597743409e-02,5.502864656172334890e-02,4.827480289519225920e-02
5.763555224701564228e-01,2.899832572812401921e-01,2.899832572812401921e-01,2.899832572812401921e-01,2.899832572812401921e-01,2.357683251658144741e-01,1.443351609375600475e-01,1.092745520061795261e-01,1.092745520061795261e-01,9.820608266516206442e-02,9.007465060124886236e-02,7.415285708348040572e-02,5.020853001932046311e-02
6.726086560820982996e-01,6.138490301845243025e-01,3.897320318508867842e-01,3.897320318508867842e-01,3.897320318508867842e-01,3.749560574069681351e-01,2.230984200182311028e-01,1.255702906854123668e-01,1.107755765585709540e-01,1.024445756888487935e-01,9.362681280889528779e-02,7.665472609596157838e-02,5.319734925751173904e-02
8.504865264802949909e-01,8.504865264802949909e-01,4.635633439990405336e-01,3.389160296310214093e-01,3.389160296310214093e-01,2.673665752180491850e-01,2.243616172596194502e-01,1.186219896585516409e-01,1.186219896585516409e-01,9.453528868481164693e-02,7.859992240666713315e-02,7.228655247589532706e-02,6.021422998554371020e-02
1.000794569275814894e+00,8.648461010485863909e-01,8.648461010485863909e-01,8.648461010485863909e-01,6.899529123491543459e-01,5.855767598108672090e-01,3.515417422378437351e-01,3.368684938769064274e-01,3.368684938769064274e-01,1.571820369807017670e-01,1.327610601304867188e-01,9.151691990253141284e-02,7.031635509417810681e-02
8.670796507020406274e-01,6.988051204372993652e-01,4.686611128852611330e-01,4.686611128852611330e-01,4.686611128852611330e-01,4.686611128852611330e-01,3.335054127912933097e-01,3.335054127912933097e-01,2.142598780241833367e-01,1.881037455958312066e-01,1.139281293049938526e-01,8.792131339466902062e-02,7.496718250563105812e-02
1.124413194697323259e+00,5.401095061585969859e-01,4.544365725399766021e-01,4.544365725399766021e-01,4.544365725399766021e-01,2.624457236980974884e-01,1.778035952715102397e-01,1.576928165277244887e-01,1.197083943437062814e-01,1.053801172440325118e-01,8.257053374302625315e-02,7.096955389321912833e-02,6.299171612151521771e-02
1.012494541768869993e+00,5.636917084031214387e-01,4.254791329051936799e-01,4.254791329051936799e-01,2.950406665939642181e-01,2.781076902805503792e-01,1.961516814685770882e-01,1.645858699806552750e-01,1.082707276454097922e-01,9.611906813366299929e-02,8.215037350223397539e-02,6.588578615609197442e-02,5.259224401221551659e-02
5.720990680686668384e-01,4.457370391730508530e-01,4.457370391730508530e-01,3.066611301018511426e-01,3.066611301018511426e-01,3.000152810406069293e-01,2.758844709226915271e-01,2.632389995972612695e-01,1.379014884279134989e-01,1.318408891709816899e-01,1.261248702404653699e-01,1.133322034971824266e-01,6.378537152539198729e-02
9.557859414010376753e-01,5.265553221461214406e-01,3.097366549343245623e-01,3.097366549343245623e-01,2.994252025948460627e-01,2.242960716150363965e-01,2.088724297971999988e-01,1.646217151017435043e-01,1.379423312709526783e-01,1.264647770039939445e-01,1.165394536710699924e-01,6.153753096057013039e-02,5.745260224621251410e-02
