1.684278559684753418e+01,1.344050145149230957e+01,1.354313755035400391e+01,1.961766052246093750e+01,1.855281329154968262e+01,2.179461026191711426e+01,1.854343271255493164e+01
5.664769411087036133e+00,7.781024932861328125e+00,9.943370580673217773e+00,8.862390279769897461e+00,1.601080250740051270e+01,1.532631945610046387e+01,1.487236618995666504e+01
8.585056066513061523e+00,8.212119340896606445e+00,1.064145612716674805e+01,2.163432455062866211e+01,2.860498118400573730e+01,2.360116052627563477e+01,1.668307042121887207e+01
6.892067670822143555e+00,6.880679130554199219e+00,8.354627132415771484e+00,1.793335390090942383e+01,1.783973789215087891e+01,1.380480837821960449e+01,1.952098202705383301e+01
6.980270147323608398e+00,8.760742902755737305e+00,8.186778545379638672e+00,9.206463098526000977e+00,1.286099648475646973e+01,1.267094707489013672e+01,1.943798089027404785e+01
6.917865037918090820e+00,7.634131669998168945e+00,1.022198677062988281e+01,1.300224351882934570e+01,1.769602894783020020e+01,1.682691907882690430e+01,2.029291176795959473e+01
9.449573516845703125e+00,1.344310450553894043e+01,1.099627304077148438e+01,9.394732952117919922e+00,1.520567917823791504e+01,2.867359566688537598e+01,1.708610129356384277e+01
1.030534505844116211e+01,1.234894704818725586e+01,1.338819432258605957e+01,1.171152806282043457e+01,1.393359184265136719e+01,1.653645896911621094e+01,1.646772933006286621e+01
1.718468189239501953e+00,2.823072123527526855e+01,1.224899554252624512e+01,1.537439370155334473e+01,1.402381229400634766e+01,2.204053664207458496e+01,1.864377856254577637e+01
1.740996098518371582e+01,6.574514150619506836e+00,1.185654425621032715e+01,1.404459238052368164e+01,1.971364545822143555e+01,1.954779863357543945e+01,2.689827537536621094e+01
