4.117889257666095482e+00,2.997092899218252171e+00,2.843749402671882365e+00,2.843749402671882365e+00,2.843749402671882365e+00,2.382085770894284416e+00,2.382085770894284416e+00,2.382085770894284416e+00,2.382085770894284416e+00,7.683350342934742727e-01,7.683350342934742727e-01,7.683350342934742727e-01,3.955708046347785611e-01
9.862899867481891292e-01,8.021926733267923382e-01,7.668238132980125243e-01,7.668238132980125243e-01,7.668238132980125243e-01,7.668238132980125243e-01,7.618674490758543527e-01,7.618674490758543527e-01,7.618674490758543527e-01,3.657023856209766777e-01,3.655783119452493679e-01,2.484823516531564636e-01,2.484823516531564636e-01
2.390505318829964310e+00,2.390505318829964310e+00,2.296029200890397082e+00,2.291557894023430908e+00,2.219754943299490968e+00,2.219754943299490968e+00,2.219754943299490968e+00,2.197093971029838499e+00,2.113237249251142202e+00,2.108889644658833440e+00,2.106599346121871719e+00,2.106599346121871719e+00,2.053696461529876061e+00
7.919214706234187773e-01,7.919214706234187773e-01,7.919214706234187773e-01,7.919214706234187773e-01,7.919214706234187773e-01,7.870621243957858226e-01,7.870621243957858226e-01,7.870621243957858226e-01,7.870621243957858226e-01,7.870470984930006964e-01,7.870470984930006964e-01,4.713422098884487710e-01,4.067473888167354445e-01
3.517720098233600989e+00,3.155109985751876511e+00,3.153398002598811534e+00,3.153398002598811534e+00,3.153398002598811534e+00,2.699088264353141753e+00,2.699088264353141753e+00,2.699088264353140865e+00,2.686810141928337003e+00,2.349317558101486014e+00,2.269802858828295911e+00,2.269802858828295911e+00,2.269802858828295911e+00
2.479644350349321513e+00,2.479644350349321513e+00,2.327336225002275327e+00,1.993354837572771210e+00,1.993354837572771210e+00,1.961735899712961029e+00,1.831753004411948105e+00,1.457380779812003979e+00,1.457380779812003979e+00,1.457380779812003979e+00,1.454326805419589697e+00,1.052556789244906810e+00,9.880558333555251593e-01
2.986701399732885065e+00,2.746286554538434288e+00,2.554016155156331180e+00,1.974827342822269571e+00,1.974827342822269571e+00,8.947099723574929442e-01,8.805254902226824498e-01,8.805254902226824498e-01,8.805254902226824498e-01,8.751511421170494742e-01,3.418952787302149687e-01,2.161277160805132880e-01,2.161277160805141762e-01
9.806979599898983935e-01,5.632923777523535236e-01,5.171051237949386703e-01,5.171051237949386703e-01,5.171051237949386703e-01,5.171051237949386703e-01,5.171051237949386703e-01,5.171051237949386703e-01,5.171051237949386703e-01,5.009161284557928084e-01,2.774036615634827285e-01,2.774036615634827285e-01,2.774036615634827285e-01
9.460445353327688878e-01,9.460445353327688878e-01,9.073197931522685167e-01,9.073197931522685167e-01,9.073197931522685167e-01,9.068959263111970870e-01,8.795057913471895361e-01,5.923626992718746820e-01,5.923626992718746820e-01,5.923626992718746820e-01,5.923626992718746820e-01,5.923626992718746820e-01,5.923626992718746820e-01
2.641085926127894279e+00,2.576444945217081006e+00,2.397620061207144104e+00,2.302977697114385158e+00,2.164639427206894950e+00,2.164639427206894950e+00,2.126351265142808700e+00,2.126351265142809588e+00,2.126351265142809588e+00,2.126351265142809588e+00,2.126351265142809588e+00,1.690378297961951048e+00,1.624584108044276221e+00
