2.512372636795043945e+01,1.972719693183898926e+01,4.191266679763793945e+01,2.303434324264526367e+01,3.029183053970336914e+01,4.060752487182617188e+01,3.236445355415344238e+01,2.601491832733154297e+01,3.805991005897521973e+01,5.844535779953002930e+01,4.479360413551330566e+01,3.738538122177124023e+01,5.445997500419616699e+01,5.137666869163513184e+01,5.127370929718017578e+01
1.805861139297485352e+01,1.524007797241210938e+01,1.735151696205139160e+01,2.084138846397399902e+01,4.402284216880798340e+01,4.249316072463989258e+01,7.406871032714843750e+01,3.701423764228820801e+01,3.420700550079345703e+01,5.279915547370910645e+01,1.096919734477996826e+02,4.299085378646850586e+01,5.391043949127197266e+01,7.417774200439453125e+01,1.184646935462951660e+02
3.218264961242675781e+01,2.445845413208007812e+01,2.353466200828552246e+01,1.987258696556091309e+01,2.914525914192199707e+01,2.940654993057250977e+01,4.357930731773376465e+01,7.360003733634948730e+01,6.727906465530395508e+01,3.583523774147033691e+01,3.299904012680053711e+01,8.927013826370239258e+01,9.701552534103393555e+01,1.074578917026519775e+02,1.030405719280242920e+02
2.956836533546447754e+01,6.191587758064270020e+01,2.621123266220092773e+01,2.404195857048034668e+01,7.344185829162597656e+01,5.190409040451049805e+01,3.654285502433776855e+01,3.818929553031921387e+01,3.205535697937011719e+01,4.281870293617248535e+01,4.614272046089172363e+01,6.163804674148559570e+01,3.888564348220825195e+01,7.523591160774230957e+01,5.661466503143310547e+01
1.890890192985534668e+01,1.887977957725524902e+01,4.757840800285339355e+01,4.291475701332092285e+01,2.406876707077026367e+01,4.635877037048339844e+01,4.372405314445495605e+01,4.361071133613586426e+01,5.984324026107788086e+01,5.294228720664978027e+01,6.050739502906799316e+01,1.471792359352111816e+02,6.070855808258056641e+01,8.664290142059326172e+01,6.839027976989746094e+01
3.123883700370788574e+01,2.373226070404052734e+01,2.239774370193481445e+01,1.685213088989257812e+01,1.846336746215820312e+01,1.739416456222534180e+01,2.447487258911132812e+01,3.542460703849792480e+01,3.121625590324401855e+01,3.178481912612915039e+01,5.724818778038024902e+01,5.251213264465332031e+01,4.849728226661682129e+01,5.716865682601928711e+01,6.000735759735107422e+01
5.065034484863281250e+01,2.223712587356567383e+01,4.645050311088562012e+01,2.596790862083435059e+01,2.445929408073425293e+01,2.799378824234008789e+01,3.792301702499389648e+01,4.607253456115722656e+01,5.675024747848510742e+01,7.393582606315612793e+01,8.808694100379943848e+01,6.807240390777587891e+01,4.327935433387756348e+01,8.477251410484313965e+01,5.967396736145019531e+01
2.949681520462036133e+01,2.096593046188354492e+01,2.273560810089111328e+01,2.641160726547241211e+01,2.102470159530639648e+01,2.261205124855041504e+01,2.348425102233886719e+01,3.704111194610595703e+01,3.772157597541809082e+01,3.749874329566955566e+01,5.149231648445129395e+01,4.645816421508789062e+01,6.023960924148559570e+01,5.382249140739440918e+01,6.747032570838928223e+01
3.836404442787170410e+01,2.209451651573181152e+01,2.557903766632080078e+01,2.525731492042541504e+01,2.919572806358337402e+01,4.718628549575805664e+01,3.581426692008972168e+01,5.647939348220825195e+01,1.216674404144287109e+02,7.825903868675231934e+01,7.023035478591918945e+01,5.667179155349731445e+01,6.276803541183471680e+01,5.952614831924438477e+01,8.875135850906372070e+01
4.340468430519104004e+01,3.641461777687072754e+01,2.129989576339721680e+01,2.755592322349548340e+01,3.363584566116333008e+01,3.489010620117187500e+01,6.192407059669494629e+01,3.138787388801574707e+01,3.812273502349853516e+01,4.225861048698425293e+01,3.577396059036254883e+01,3.268193745613098145e+01,3.349782276153564453e+01,5.527133059501647949e+01,5.606290102005004883e+01
