5.840999999999999659e+01,2.476999999999999957e+01,2.735999999999999943e+01,3.678000000000000114e+01,2.937000000000000099e+01,2.746000000000000085e+01,2.837000000000000099e+01,2.630999999999999872e+01,3.187999999999999901e+01,2.778000000000000114e+01
4.434000000000000341e+01,4.843999999999999773e+01,3.144999999999999929e+01,2.964999999999999858e+01,3.813000000000000256e+01,3.454999999999999716e+01,3.292000000000000171e+01,3.489000000000000057e+01,2.717999999999999972e+01,2.639000000000000057e+01
4.806000000000000227e+01,3.500000000000000000e+01,3.771000000000000085e+01,3.828999999999999915e+01,3.496000000000000085e+01,4.853000000000000114e+01,4.350999999999999801e+01,2.794999999999999929e+01,2.969999999999999929e+01,2.866000000000000014e+01
5.389999999999999858e+01,3.810000000000000142e+01,2.860000000000000142e+01,2.866000000000000014e+01,3.121000000000000085e+01,3.141000000000000014e+01,3.393999999999999773e+01,3.496000000000000085e+01,2.805000000000000071e+01,2.919999999999999929e+01
5.817000000000000171e+01,3.032000000000000028e+01,3.256000000000000227e+01,3.098000000000000043e+01,3.194000000000000128e+01,3.239999999999999858e+01,3.167999999999999972e+01,3.556000000000000227e+01,2.862999999999999901e+01,2.839000000000000057e+01
9.528000000000000114e+01,3.236999999999999744e+01,3.339000000000000057e+01,3.192999999999999972e+01,3.017000000000000171e+01,3.259000000000000341e+01,2.778999999999999915e+01,2.816000000000000014e+01,2.773999999999999844e+01,2.828999999999999915e+01
4.507000000000000028e+01,3.929999999999999716e+01,3.364999999999999858e+01,4.086999999999999744e+01,3.924000000000000199e+01,3.964000000000000057e+01,3.318999999999999773e+01,2.771000000000000085e+01,3.016000000000000014e+01,2.635999999999999943e+01
3.385000000000000142e+01,2.810999999999999943e+01,3.477000000000000313e+01,3.534000000000000341e+01,3.497999999999999687e+01,4.322999999999999687e+01,4.531000000000000227e+01,2.689999999999999858e+01,2.932999999999999829e+01,2.914000000000000057e+01
4.757000000000000028e+01,3.110999999999999943e+01,4.388000000000000256e+01,3.041000000000000014e+01,2.994000000000000128e+01,2.916000000000000014e+01,2.714999999999999858e+01,3.146000000000000085e+01,2.967999999999999972e+01,2.630000000000000071e+01
3.885000000000000142e+01,4.221000000000000085e+01,3.064999999999999858e+01,4.140999999999999659e+01,2.992000000000000171e+01,2.766000000000000014e+01,4.078999999999999915e+01,4.050999999999999801e+01,2.682000000000000028e+01,2.621999999999999886e+01
