6.721999999999999886e+01,6.177000000000000313e+01,7.429000000000000625e+01,8.214000000000000057e+01,7.431000000000000227e+01,8.031999999999999318e+01,8.637999999999999545e+01,7.015999999999999659e+01,6.682999999999999829e+01,5.292999999999999972e+01
5.485999999999999943e+01,8.023000000000000398e+01,7.723000000000000398e+01,5.971999999999999886e+01,6.682999999999999829e+01,7.696999999999999886e+01,7.303000000000000114e+01,9.845000000000000284e+01,6.160000000000000142e+01,6.678000000000000114e+01
3.060000000000000142e+01,5.939999999999999858e+01,5.624000000000000199e+01,9.567000000000000171e+01,5.632999999999999829e+01,5.871000000000000085e+01,1.047199999999999989e+02,7.326000000000000512e+01,8.326000000000000512e+01,7.220000000000000284e+01
3.771000000000000085e+01,5.289999999999999858e+01,5.925000000000000000e+01,5.578999999999999915e+01,6.554000000000000625e+01,4.927000000000000313e+01,7.073999999999999488e+01,6.612999999999999545e+01,7.373000000000000398e+01,7.240999999999999659e+01
4.950999999999999801e+01,5.353999999999999915e+01,6.793999999999999773e+01,7.576999999999999602e+01,7.851999999999999602e+01,8.804000000000000625e+01,7.495000000000000284e+01,7.567000000000000171e+01,7.987999999999999545e+01,6.161999999999999744e+01
4.763000000000000256e+01,5.474000000000000199e+01,5.484000000000000341e+01,4.852000000000000313e+01,5.092999999999999972e+01,6.107000000000000028e+01,7.118000000000000682e+01,9.698999999999999488e+01,8.829999999999999716e+01,8.860999999999999943e+01
6.967000000000000171e+01,7.240999999999999659e+01,9.362000000000000455e+01,6.926999999999999602e+01,1.277999999999999972e+02,8.634999999999999432e+01,7.912000000000000455e+01,7.731000000000000227e+01,5.381000000000000227e+01,4.059000000000000341e+01
5.863000000000000256e+01,9.751000000000000512e+01,1.308400000000000034e+02,7.460999999999999943e+01,7.234999999999999432e+01,8.973000000000000398e+01,8.006000000000000227e+01,8.898999999999999488e+01,4.565999999999999659e+01,3.757999999999999829e+01
4.784000000000000341e+01,8.306999999999999318e+01,4.717999999999999972e+01,6.740999999999999659e+01,8.843000000000000682e+01,7.803000000000000114e+01,8.132999999999999829e+01,8.487999999999999545e+01,6.864000000000000057e+01,6.363000000000000256e+01
6.110999999999999943e+01,5.317999999999999972e+01,6.285000000000000142e+01,5.842000000000000171e+01,9.517000000000000171e+01,1.052999999999999972e+02,7.543000000000000682e+01,6.417000000000000171e+01,7.045999999999999375e+01,5.789999999999999858e+01
