3.917999999999999972e+01,6.200000000000000000e+01,8.735999999999999943e+01,7.068000000000000682e+01,5.902000000000000313e+01,4.625000000000000000e+01,4.334000000000000341e+01
3.914999999999999858e+01,4.860000000000000142e+01,4.103999999999999915e+01,4.260999999999999943e+01,4.789999999999999858e+01,4.672999999999999687e+01,4.311999999999999744e+01
4.592000000000000171e+01,4.653999999999999915e+01,5.571000000000000085e+01,7.046999999999999886e+01,6.564000000000000057e+01,4.070000000000000284e+01,3.700999999999999801e+01
3.768999999999999773e+01,4.724000000000000199e+01,4.014000000000000057e+01,4.750999999999999801e+01,7.676000000000000512e+01,4.585000000000000142e+01,2.428000000000000114e+01
4.185000000000000142e+01,5.453000000000000114e+01,6.174000000000000199e+01,7.898000000000000398e+01,6.347999999999999687e+01,5.685999999999999943e+01,4.418999999999999773e+01
3.082999999999999829e+01,3.996000000000000085e+01,3.952000000000000313e+01,3.575000000000000000e+01,2.689999999999999858e+01,3.446999999999999886e+01,3.543999999999999773e+01
7.385999999999999943e+01,7.373999999999999488e+01,5.417000000000000171e+01,5.799000000000000199e+01,5.585999999999999943e+01,6.729000000000000625e+01,3.410000000000000142e+01
2.871999999999999886e+01,5.799000000000000199e+01,2.471000000000000085e+01,2.705000000000000071e+01,3.853000000000000114e+01,3.517000000000000171e+01,3.699000000000000199e+01
6.426999999999999602e+01,6.935999999999999943e+01,8.214000000000000057e+01,4.325000000000000000e+01,7.578000000000000114e+01,3.406000000000000227e+01,3.999000000000000199e+01
5.802000000000000313e+01,4.036999999999999744e+01,4.864000000000000057e+01,6.409000000000000341e+01,5.114999999999999858e+01,5.232999999999999829e+01,4.265999999999999659e+01
