3.317999999999999972e+01,3.502000000000000313e+01,5.210999999999999943e+01,3.588000000000000256e+01,5.711999999999999744e+01
2.987000000000000099e+01,4.546000000000000085e+01,4.603000000000000114e+01,4.538000000000000256e+01,6.079999999999999716e+01
4.731000000000000227e+01,2.483999999999999986e+01,3.807000000000000028e+01,3.535999999999999943e+01,5.661999999999999744e+01
8.034999999999999432e+01,4.292999999999999972e+01,3.875999999999999801e+01,4.461999999999999744e+01,4.902000000000000313e+01
3.735000000000000142e+01,4.786999999999999744e+01,5.170000000000000284e+01,3.151999999999999957e+01,3.615999999999999659e+01
4.692000000000000171e+01,4.624000000000000199e+01,4.475000000000000000e+01,4.292999999999999972e+01,4.074000000000000199e+01
3.288000000000000256e+01,6.132000000000000028e+01,4.413000000000000256e+01,5.075000000000000000e+01,5.560999999999999943e+01
3.335999999999999943e+01,4.070000000000000284e+01,5.259000000000000341e+01,3.660000000000000142e+01,4.067999999999999972e+01
3.427000000000000313e+01,2.739999999999999858e+01,2.689000000000000057e+01,3.400000000000000000e+01,4.374000000000000199e+01
2.767000000000000171e+01,2.719999999999999929e+01,3.060999999999999943e+01,3.304999999999999716e+01,3.434000000000000341e+01
