7.643999999999999773e+01,9.795000000000000284e+01,6.946999999999999886e+01,1.293499999999999943e+02,6.354999999999999716e+01,7.956000000000000227e+01,7.304999999999999716e+01,9.456000000000000227e+01,1.050999999999999943e+02,1.071200000000000045e+02,8.423000000000000398e+01,1.011400000000000006e+02,7.525000000000000000e+01,8.292000000000000171e+01,1.010400000000000063e+02,1.065199999999999960e+02,1.215000000000000000e+02,9.089000000000000057e+01,1.062399999999999949e+02,7.873999999999999488e+01
8.693000000000000682e+01,9.934999999999999432e+01,1.167500000000000000e+02,9.315999999999999659e+01,8.509000000000000341e+01,9.754999999999999716e+01,9.828000000000000114e+01,7.804000000000000625e+01,6.420000000000000284e+01,8.143000000000000682e+01,7.912000000000000455e+01,7.848999999999999488e+01,7.756999999999999318e+01,7.692000000000000171e+01,7.850000000000000000e+01,8.287000000000000455e+01,6.807999999999999829e+01,7.929999999999999716e+01,6.317999999999999972e+01,6.296000000000000085e+01
7.485999999999999943e+01,9.660999999999999943e+01,1.056299999999999955e+02,9.359999999999999432e+01,8.023000000000000398e+01,7.809999999999999432e+01,6.695999999999999375e+01,8.753000000000000114e+01,8.007999999999999829e+01,8.970000000000000284e+01,1.016800000000000068e+02,8.495000000000000284e+01,1.040100000000000051e+02,9.626000000000000512e+01,1.024500000000000028e+02,1.063599999999999994e+02,1.071099999999999994e+02,6.967000000000000171e+01,6.406999999999999318e+01,6.157999999999999829e+01
8.573000000000000398e+01,5.946999999999999886e+01,9.843999999999999773e+01,8.479000000000000625e+01,1.250300000000000011e+02,9.037999999999999545e+01,9.659999999999999432e+01,8.868999999999999773e+01,1.012000000000000028e+02,8.925000000000000000e+01,9.407999999999999829e+01,1.143100000000000023e+02,1.189699999999999989e+02,1.097300000000000040e+02,1.541299999999999955e+02,1.211500000000000057e+02,9.043999999999999773e+01,7.804999999999999716e+01,6.314000000000000057e+01,5.963000000000000256e+01
8.237000000000000455e+01,1.238700000000000045e+02,1.397700000000000102e+02,7.753000000000000114e+01,1.347500000000000000e+02,9.068000000000000682e+01,6.277000000000000313e+01,7.870999999999999375e+01,8.396999999999999886e+01,6.607999999999999829e+01,1.073900000000000006e+02,9.598000000000000398e+01,9.867000000000000171e+01,9.026000000000000512e+01,8.337000000000000455e+01,8.415999999999999659e+01,8.128000000000000114e+01,6.367999999999999972e+01,5.729999999999999716e+01,5.442000000000000171e+01
8.103000000000000114e+01,7.356999999999999318e+01,9.610999999999999943e+01,1.133599999999999994e+02,9.373000000000000398e+01,9.043999999999999773e+01,8.720999999999999375e+01,1.034899999999999949e+02,9.592000000000000171e+01,7.440000000000000568e+01,9.698000000000000398e+01,7.940000000000000568e+01,6.973000000000000398e+01,6.934000000000000341e+01,9.795000000000000284e+01,6.576999999999999602e+01,7.046999999999999886e+01,7.990999999999999659e+01,5.209000000000000341e+01,5.592999999999999972e+01
6.174000000000000199e+01,1.137600000000000051e+02,7.639000000000000057e+01,7.500000000000000000e+01,8.760999999999999943e+01,9.201999999999999602e+01,7.284000000000000341e+01,8.487999999999999545e+01,6.937000000000000455e+01,6.531000000000000227e+01,6.956000000000000227e+01,5.640999999999999659e+01,6.135000000000000142e+01,5.436999999999999744e+01,6.701999999999999602e+01,7.278000000000000114e+01,6.898000000000000398e+01,7.781000000000000227e+01,8.625000000000000000e+01,7.442000000000000171e+01
5.531000000000000227e+01,9.332999999999999829e+01,9.029000000000000625e+01,8.218000000000000682e+01,1.003599999999999994e+02,7.234999999999999432e+01,6.826000000000000512e+01,7.890999999999999659e+01,8.150000000000000000e+01,6.910999999999999943e+01,7.884999999999999432e+01,7.473999999999999488e+01,7.210999999999999943e+01,7.445000000000000284e+01,6.812999999999999545e+01,7.554000000000000625e+01,7.789000000000000057e+01,8.534000000000000341e+01,9.048000000000000398e+01,7.923000000000000398e+01
6.242999999999999972e+01,3.663000000000000256e+01,9.673000000000000398e+01,6.259000000000000341e+01,1.245699999999999932e+02,9.034000000000000341e+01,7.729000000000000625e+01,8.435999999999999943e+01,8.137999999999999545e+01,6.718000000000000682e+01,8.551000000000000512e+01,7.395999999999999375e+01,1.328499999999999943e+02,1.278599999999999994e+02,8.526999999999999602e+01,1.256700000000000017e+02,9.570999999999999375e+01,1.141899999999999977e+02,9.393000000000000682e+01,5.920000000000000284e+01
1.057500000000000000e+02,1.570000000000000000e+02,1.167600000000000051e+02,7.114000000000000057e+01,7.326000000000000512e+01,8.557999999999999829e+01,1.082000000000000028e+02,1.009599999999999937e+02,9.564000000000000057e+01,9.776000000000000512e+01,9.842000000000000171e+01,9.729000000000000625e+01,9.770000000000000284e+01,1.064599999999999937e+02,1.031299999999999955e+02,9.393999999999999773e+01,7.901000000000000512e+01,7.125000000000000000e+01,5.657999999999999829e+01,4.871000000000000085e+01
