4.154700077048487650e+00,3.724277829679991214e+00,3.724277829679991214e+00,3.120791653604462645e+00,3.120791653604462645e+00,2.774626068076942786e+00,1.111689894043403015e+00,1.111689894043403015e+00,1.111689894043403015e+00,7.315962770103503487e-01,7.315962770103503487e-01,7.315962770103503487e-01,7.315962770103503487e-01,6.298797146834811400e-01,4.103882849238189579e-01,3.908552300836509730e-01,3.813479205737770883e-01,3.721003435425389583e-01,2.719561483726984363e-01,2.683761433582159128e-01,2.663739601254686562e-01
3.454101487363195666e+00,2.899315690867147133e+00,2.821202115762700302e+00,2.675932546180791682e+00,2.537913419157046491e+00,2.464536765550351838e+00,2.377415636157692802e+00,2.256984639215532162e+00,2.129850371291136746e+00,2.129850371291136746e+00,2.100922065615564271e+00,2.074046222662341066e+00,2.022683787525998866e+00,1.533935467378065631e+00,1.533935467378065631e+00,1.533935467378065631e+00,1.533935467378065631e+00,8.801490489425827235e-01,8.305686623474830554e-01,8.106141181433335063e-01,8.101680911219872883e-01
3.863097348132577658e+00,3.406385455456374167e+00,3.406385455456374167e+00,3.286784205862326225e+00,3.197338068022224533e+00,3.158446878044812500e+00,3.044898970813056494e+00,3.044898970813056494e+00,3.044898970813056494e+00,2.992969908316276850e+00,2.798693721119965616e+00,2.798693721119965616e+00,2.677363440938255401e+00,8.036146699776125502e-01,6.754134215850537970e-01,6.754134215850537970e-01,6.754134215850537970e-01,6.722099902792226800e-01,5.483359465453121473e-01,5.483359465453121473e-01,4.311794766231544784e-01
4.012816224482172345e+00,3.216368164773626859e+00,3.147116702128450072e+00,3.103485468943285142e+00,2.918780917208426473e+00,2.918780917208426473e+00,2.911996061905043121e+00,2.910558591548948471e+00,2.910299439742516370e+00,2.910299439742516370e+00,2.910299439742516370e+00,2.910299439742516370e+00,2.910299439742516370e+00,2.713307028388946662e+00,2.713307028388946662e+00,2.713307028388946662e+00,2.707175064391622143e+00,2.707175064391622143e+00,2.621959521290596840e+00,2.621959521290596840e+00,2.621959521290596840e+00
4.051588348087769020e+00,3.937772022317795440e+00,3.937772022317795440e+00,3.937772022317795440e+00,3.862431709765721699e+00,3.683447159450046193e+00,3.683447159450046193e+00,3.617630370993670574e+00,3.617630370993670574e+00,3.497275697561968322e+00,3.290921025980381387e+00,3.090087214720502296e+00,3.090087214720502296e+00,1.422552324086392872e+00,1.254860259916380727e+00,1.189483602971131759e+00,1.165625465149056517e+00,6.761440767710773514e-01,5.003997008605569619e-01,5.003997008605569619e-01,4.238077956306884886e-01
3.975135287826978114e+00,3.472529359546166816e+00,3.146415489886034145e+00,2.933778836315824812e+00,2.819983725399636931e+00,1.867452911586181763e+00,1.600038047460301094e+00,1.358420054883699102e+00,1.230432235779267636e+00,1.222169979990850308e+00,1.222169979990850308e+00,1.222169979990850308e+00,1.210168306963621987e+00,1.065091562302704631e+00,1.065091562302704631e+00,1.065091562302704631e+00,1.065091562302704631e+00,1.065091562302704631e+00,8.198467489281755505e-01,8.179782671275681594e-01,8.084428095610158849e-01
3.953306154861643051e+00,3.403886121358155492e+00,2.946434557585970282e+00,1.871743072125580554e+00,1.871743072125580554e+00,1.755674676450773575e+00,1.748938545991861382e+00,1.748938545991861382e+00,1.632729867016240455e+00,8.459522234028309384e-01,8.459522234028309384e-01,8.459522234028309384e-01,8.390615097613309814e-01,6.494382523254280670e-01,6.494382523254280670e-01,6.298541114542395292e-01,6.298541114542395292e-01,6.298541114542395292e-01,6.298541114542395292e-01,6.298541114542395292e-01,6.298541114542395292e-01
3.715459521245700003e+00,1.777777732943338407e+00,1.600916689807660553e+00,1.481589789142670810e+00,1.355991894040834644e+00,1.355991894040834644e+00,1.207385943682282026e+00,1.207385943682282026e+00,1.207385943682282026e+00,8.494899959603028350e-01,8.494899959603028350e-01,6.267532442831083017e-01,5.981700952474415800e-01,3.611531924567827900e-01,2.021917212070860614e-01,2.021917212070860614e-01,1.807502638133229311e-01,1.807502638133229311e-01,1.212199236109494649e-01,1.212199236109494649e-01,1.132781686010559952e-01
3.998352591759671171e+00,3.170265276233227958e+00,3.170265276233227958e+00,2.774862048379151958e+00,2.500112543348987693e+00,2.500112543348987693e+00,2.500112543348987693e+00,2.500112543348987693e+00,2.500112543348987693e+00,2.500112543348987693e+00,2.488458422755836175e+00,2.488458422755836175e+00,2.488458422755836175e+00,1.458660746018562548e+00,1.132644592380980697e+00,8.133673258754932078e-01,8.133673258754932078e-01,3.990114528513526437e-01,2.731632441878684148e-01,2.454995112068409924e-01,2.224313645464892630e-01
4.366335824173146030e+00,4.366335824173146030e+00,4.366335824173146030e+00,4.344655567762229609e+00,4.289606464462691449e+00,4.000888853244811472e+00,4.000888853244811472e+00,3.927338795060419052e+00,3.927338795060419052e+00,3.927338795060419052e+00,3.927338795060419052e+00,3.927338795060419052e+00,3.927338795060419052e+00,2.320143957811731106e+00,2.320143957811731106e+00,2.320143957811731106e+00,2.320143957811731106e+00,1.824316829610483026e+00,1.782231474494571977e+00,1.765680578877602436e+00,1.764275723534460383e+00
