3.974000000000000199e+01,4.779999999999999716e+01,3.909000000000000341e+01,3.857999999999999829e+01,4.699000000000000199e+01,4.447999999999999687e+01,6.781999999999999318e+01,7.664000000000000057e+01,5.190999999999999659e+01,3.639999999999999858e+01
5.814999999999999858e+01,6.628000000000000114e+01,4.120000000000000284e+01,4.104999999999999716e+01,4.978999999999999915e+01,4.615999999999999659e+01,6.820000000000000284e+01,3.932000000000000028e+01,4.792999999999999972e+01,2.614000000000000057e+01
5.849000000000000199e+01,4.586999999999999744e+01,4.210000000000000142e+01,4.309000000000000341e+01,4.592999999999999972e+01,4.174000000000000199e+01,4.179999999999999716e+01,5.946999999999999886e+01,5.504999999999999716e+01,6.143999999999999773e+01
3.386999999999999744e+01,4.425999999999999801e+01,4.882000000000000028e+01,3.857999999999999829e+01,4.253000000000000114e+01,4.792000000000000171e+01,4.249000000000000199e+01,4.339000000000000057e+01,4.309000000000000341e+01,4.360999999999999943e+01
5.860000000000000142e+01,4.521999999999999886e+01,4.102000000000000313e+01,3.971999999999999886e+01,4.071999999999999886e+01,4.110000000000000142e+01,4.667000000000000171e+01,4.925999999999999801e+01,5.513000000000000256e+01,4.789000000000000057e+01
3.557999999999999829e+01,4.522999999999999687e+01,4.010999999999999943e+01,4.090999999999999659e+01,4.621000000000000085e+01,4.210999999999999943e+01,5.292999999999999972e+01,4.882999999999999829e+01,4.092999999999999972e+01,6.068999999999999773e+01
3.514999999999999858e+01,5.892999999999999972e+01,4.953000000000000114e+01,4.892999999999999972e+01,4.429999999999999716e+01,4.435000000000000142e+01,5.017999999999999972e+01,5.332000000000000028e+01,5.778000000000000114e+01,4.184000000000000341e+01
4.728000000000000114e+01,4.713000000000000256e+01,3.918999999999999773e+01,4.125000000000000000e+01,4.125999999999999801e+01,4.157000000000000028e+01,4.475999999999999801e+01,4.935999999999999943e+01,4.100999999999999801e+01,4.320000000000000284e+01
2.908999999999999986e+01,4.095000000000000284e+01,4.746000000000000085e+01,3.722999999999999687e+01,4.635999999999999943e+01,3.852000000000000313e+01,4.104999999999999716e+01,4.492999999999999972e+01,4.496000000000000085e+01,5.575999999999999801e+01
3.277000000000000313e+01,6.128000000000000114e+01,4.407999999999999829e+01,4.195000000000000284e+01,4.732000000000000028e+01,5.703000000000000114e+01,4.404999999999999716e+01,4.063000000000000256e+01,5.211999999999999744e+01,4.285000000000000142e+01
