1.048264908790588379e+01,1.427260398864746094e+00,1.270002603530883789e+00,1.442718982696533203e+00,1.238352060317993164e+00
7.871213436126708984e+00,1.553051471710205078e+00,1.401392221450805664e+00,1.311437845230102539e+00,1.200165510177612305e+00
1.043945169448852539e+01,1.314953804016113281e+00,1.273453474044799805e+00,1.450969219207763672e+00,1.495799541473388672e+00
7.975705146789550781e+00,1.364019155502319336e+00,1.422975540161132812e+00,1.462927341461181641e+00,1.396300792694091797e+00
9.499336004257202148e+00,1.485342264175415039e+00,1.574274301528930664e+00,1.367185354232788086e+00,1.296504497528076172e+00
8.494158506393432617e+00,1.294248342514038086e+00,1.295782804489135742e+00,1.571528434753417969e+00,1.247487306594848633e+00
7.792648792266845703e+00,1.320081710815429688e+00,1.222324371337890625e+00,1.189588785171508789e+00,1.128192424774169922e+00
1.097920441627502441e+01,1.315385580062866211e+00,1.187461376190185547e+00,1.202973127365112305e+00,1.283129453659057617e+00
7.985347509384155273e+00,1.230007410049438477e+00,1.197738885879516602e+00,1.174862623214721680e+00,1.865165233612060547e+00
8.300159931182861328e+00,1.353184700012207031e+00,1.313040733337402344e+00,1.409516572952270508e+00,1.555014133453369141e+00
