1.392330384254455566e+01,1.295521497726440430e+00,1.072542667388916016e+00,1.222420930862426758e+00,1.248636484146118164e+00,1.267232656478881836e+00,1.437123537063598633e+00,1.321916341781616211e+00,1.308542728424072266e+00,1.481784820556640625e+00
8.323232889175415039e+00,1.158087253570556641e+00,1.164998531341552734e+00,1.172800779342651367e+00,1.136595964431762695e+00,1.246453762054443359e+00,1.313734531402587891e+00,1.363053798675537109e+00,1.270102024078369141e+00,1.310693025588989258e+00
8.262246370315551758e+00,1.125818252563476562e+00,9.951565265655517578e-01,1.046888351440429688e+00,1.137614011764526367e+00,1.121106386184692383e+00,1.146689176559448242e+00,1.219731330871582031e+00,1.283238172531127930e+00,1.291233539581298828e+00
7.888183116912841797e+00,1.011280536651611328e+00,9.935681819915771484e-01,1.075799226760864258e+00,1.168690681457519531e+00,1.169887542724609375e+00,5.422239065170288086e+00,1.662899255752563477e+00,1.571116685867309570e+00,1.736764669418334961e+00
9.351581335067749023e+00,1.118777275085449219e+00,1.151815891265869141e+00,1.307557582855224609e+00,1.157919645309448242e+00,1.320124626159667969e+00,1.266423225402832031e+00,1.257403135299682617e+00,1.308603763580322266e+00,1.396691799163818359e+00
8.233559370040893555e+00,1.023306369781494141e+00,1.090147256851196289e+00,1.119343042373657227e+00,1.071536779403686523e+00,1.258234500885009766e+00,1.177464246749877930e+00,1.185323238372802734e+00,1.371568202972412109e+00,1.335880756378173828e+00
7.747955083847045898e+00,1.048517465591430664e+00,1.099401950836181641e+00,1.078302621841430664e+00,1.248164415359497070e+00,1.124635219573974609e+00,1.247327804565429688e+00,1.245063543319702148e+00,1.232381105422973633e+00,1.268799304962158203e+00
8.044079542160034180e+00,9.839513301849365234e-01,1.015291452407836914e+00,1.089300632476806641e+00,1.318941116333007812e+00,1.277729511260986328e+00,1.227555513381958008e+00,1.334307432174682617e+00,6.183052301406860352e+00,1.846278905868530273e+00
8.328286170959472656e+00,1.123371124267578125e+00,1.142614603042602539e+00,1.080075025558471680e+00,1.162704944610595703e+00,1.248976469039916992e+00,1.249035358428955078e+00,1.400318622589111328e+00,1.258920192718505859e+00,1.324053049087524414e+00
8.148894786834716797e+00,1.051185369491577148e+00,1.003211021423339844e+00,1.142871618270874023e+00,1.187110424041748047e+00,1.160258769989013672e+00,1.388765573501586914e+00,1.247119426727294922e+00,1.303047180175781250e+00,1.441457748413085938e+00
