7.010079120874388892e+00,1.195903456918605556e+00,5.721819196777833127e-01,5.721819196777833127e-01,3.483512966694704005e-01,2.607226791515042663e-01,2.607226791515042663e-01,2.511514344559344636e-01,2.511514344559344636e-01,2.511514344559344636e-01,2.511514344559344636e-01,2.511514344559344636e-01,2.511514344559344636e-01,2.511514344559344636e-01,2.511514344559344636e-01,2.511514344559344636e-01,2.511514344559344636e-01,2.141636592029634301e-01,2.141636592029634301e-01,2.036444401946404525e-01,2.036444401946404525e-01
2.829430321674786697e+00,2.656653006091085345e+00,6.828062085167534434e-01,6.828062085167534434e-01,6.828062085167534434e-01,6.531882190016080614e-01,6.406270058172331971e-01,6.017127758570843810e-01,5.344655359615586576e-01,4.983015185214068055e-01,4.916815906688771776e-01,4.865513339759317546e-01,4.805734777097825372e-01,4.805734777097825372e-01,4.805734777097825372e-01,4.805734777097825372e-01,4.805734777097825372e-01,4.805734777097825372e-01,4.805734777097825372e-01,3.603099160202045681e-01,3.603099160202045681e-01
4.254605079954655977e+00,1.195903456918602004e+00,1.195903456918602004e+00,9.749470184755608670e-01,9.749470184755608670e-01,9.318639674852207122e-01,9.135587083748095694e-01,9.055381863540041820e-01,7.907222838645306950e-01,7.907222838645306950e-01,7.907222838645306950e-01,7.907222838645306950e-01,7.907222838645306950e-01,7.695115556054830108e-01,7.667327410574422686e-01,7.637236033549754666e-01,7.617060100201822337e-01,5.964636843967614510e-01,5.616619690430315615e-01,5.607292425572669714e-01,5.358222995333203897e-01
6.185266062193345959e+00,5.800155603872225285e+00,2.242849161670431357e+00,2.242849161670431357e+00,1.618294561602995785e+00,1.194856263757033688e+00,1.107922891559020684e+00,8.094521781828731832e-01,6.669412521317106268e-01,3.974158085969694554e-01,3.500588507555093543e-01,3.500588507555093543e-01,3.053895312256642569e-01,3.053895312256642569e-01,3.053895312256642569e-01,3.053895312256642569e-01,3.053895312256642569e-01,3.053895312256642569e-01,3.053895312256642569e-01,3.053895312256642569e-01,3.053895312256642569e-01
8.489395491880504352e+00,1.127489654629734162e+00,1.127489654629734162e+00,1.127489654629734162e+00,4.679442236657802567e-01,3.437793637084460840e-01,2.947879534209398855e-01,2.851513546938768684e-01,2.785910531304942594e-01,2.785910531304942594e-01,2.785910531304942594e-01,2.785910531304942594e-01,2.785910531304942594e-01,2.785910531304942594e-01,2.785910531304942594e-01,2.785910531304942594e-01,2.785910531304942594e-01,2.785910531304942594e-01,2.785910531304942594e-01,2.785910531304942594e-01,2.785910531304942594e-01
2.416151019868186367e+00,1.195903456918605556e+00,1.195903456918605556e+00,1.108946935179472959e+00,1.108946935179472959e+00,7.061157284893688768e-01,7.061157284893688768e-01,5.521019402710365398e-01,5.150342375346088630e-01,5.150342375346088630e-01,5.150342375346088630e-01,5.150342375346088630e-01,5.150342375346088630e-01,5.150342375346088630e-01,5.150342375346088630e-01,5.150342375346088630e-01,5.150342375346088630e-01,5.150342375346088630e-01,5.150342375346088630e-01,5.150342375346088630e-01,4.060255819222700069e-01
5.384211507104433636e+00,8.943279749371537690e-01,8.943279749371537690e-01,4.443300311597457863e-01,4.443300311597457863e-01,4.115471735125080244e-01,3.993442203788237777e-01,3.993442203788237777e-01,3.912588825474205834e-01,3.912588825474205834e-01,3.912588825474205834e-01,3.912588825474205834e-01,3.912588825474205834e-01,3.912588825474205834e-01,3.912588825474205834e-01,3.912588825474205834e-01,3.912588825474205834e-01,3.807306467229398805e-01,3.807306467229398805e-01,3.792593954688445734e-01,3.778125077729086456e-01
5.022845664027952850e+00,1.195903456918605556e+00,1.108946935179476512e+00,5.358624706242292035e-01,5.358624706242292035e-01,4.184851200761201540e-01,4.083462790505834050e-01,3.713441883786110509e-01,3.650352811783097451e-01,3.650352811783097451e-01,3.650352811783097451e-01,3.650352811783097451e-01,3.650352811783097451e-01,3.650352811783097451e-01,3.650352811783097451e-01,3.650352811783097451e-01,3.650352811783097451e-01,3.650352811783097451e-01,3.650352811783097451e-01,3.650352811783097451e-01,3.650352811783097451e-01
5.507329929839803739e+00,1.195903456918605556e+00,9.106493529738273196e-01,9.106493529738273196e-01,8.560634531173185735e-01,8.541975583567857910e-01,5.436009783065962608e-01,5.436009783065962608e-01,5.009954539209644508e-01,5.009954539209644508e-01,5.009954539209644508e-01,5.009954539209644508e-01,5.009954539209644508e-01,5.009954539209644508e-01,5.009954539209644508e-01,5.009954539209644508e-01,5.009954539209644508e-01,4.563649135864427109e-01,4.563649135864427109e-01,4.492440018593235607e-01,3.964447737975564934e-01
4.585168085711703867e+00,1.101119939421529637e+00,1.101119939421529637e+00,1.101119939421529637e+00,8.906429176353096722e-01,7.904828828849712608e-01,7.841906240948350870e-01,7.793994456138033655e-01,7.793994456138033655e-01,7.793994456138033655e-01,7.793994456138033655e-01,7.793994456138033655e-01,7.793994456138033655e-01,7.793994456138033655e-01,7.793994456138033655e-01,7.793994456138033655e-01,7.793994456138033655e-01,7.793994456138033655e-01,7.793994456138033655e-01,7.793994456138033655e-01,7.793994456138033655e-01
