9.915174484252929688e+00,2.044233798980712891e+00,2.021326541900634766e+00,1.767489671707153320e+00,1.831077098846435547e+00,2.052747011184692383e+00,2.110663175582885742e+00,2.019591331481933594e+00,2.036766767501831055e+00,2.331955432891845703e+00,2.249052524566650391e+00,2.521545648574829102e+00,2.343672037124633789e+00,3.038936138153076172e+00,2.777460813522338867e+00,3.144670009613037109e+00,2.782583713531494141e+00,2.646042108535766602e+00,2.724965333938598633e+00,2.827390193939208984e+00
9.329327821731567383e+00,2.177106618881225586e+00,2.363207578659057617e+00,2.317596435546875000e+00,2.212149620056152344e+00,2.190174102783203125e+00,2.316087007522583008e+00,2.594829797744750977e+00,2.309132099151611328e+00,2.587466478347778320e+00,1.921910047531127930e+00,2.377867221832275391e+00,2.577145814895629883e+00,2.682333230972290039e+00,2.346222400665283203e+00,2.577839612960815430e+00,3.241745471954345703e+00,2.488664865493774414e+00,2.743607759475708008e+00,2.498011827468872070e+00
9.349359750747680664e+00,2.132347345352172852e+00,1.910157680511474609e+00,2.257406949996948242e+00,1.943608522415161133e+00,1.999589204788208008e+00,2.050107479095458984e+00,1.919636487960815430e+00,2.018727779388427734e+00,1.838391304016113281e+00,2.132498741149902344e+00,2.654437303543090820e+00,2.212028503417968750e+00,2.307585477828979492e+00,2.243218660354614258e+00,2.074776649475097656e+00,2.658602237701416016e+00,2.524074792861938477e+00,2.594135046005249023e+00,3.164115190505981445e+00
9.172119379043579102e+00,2.212534189224243164e+00,2.355705738067626953e+00,2.148823499679565430e+00,2.031076431274414062e+00,3.656656742095947266e+00,3.179159164428710938e+00,2.861802339553833008e+00,4.058687925338745117e+00,2.682184457778930664e+00,3.651729822158813477e+00,2.055545091629028320e+00,2.309868574142456055e+00,2.518169879913330078e+00,2.682604312896728516e+00,2.373873949050903320e+00,2.643034696578979492e+00,3.028633594512939453e+00,2.850774049758911133e+00,3.270562648773193359e+00
9.501514434814453125e+00,2.081645011901855469e+00,2.106582164764404297e+00,1.946219205856323242e+00,1.989381551742553711e+00,2.242366313934326172e+00,1.924123525619506836e+00,2.619994401931762695e+00,2.276575565338134766e+00,2.519132137298583984e+00,2.003848314285278320e+00,2.572731733322143555e+00,2.610817909240722656e+00,2.623443603515625000e+00,2.843369722366333008e+00,2.883711814880371094e+00,2.856551170349121094e+00,2.719219684600830078e+00,2.712651729583740234e+00,2.669512510299682617e+00
9.479010820388793945e+00,2.018157958984375000e+00,2.202599048614501953e+00,2.279999732971191406e+00,1.961599588394165039e+00,2.721899509429931641e+00,2.194443464279174805e+00,2.376121759414672852e+00,2.431420564651489258e+00,2.187159538269042969e+00,2.381294250488281250e+00,2.350915431976318359e+00,2.859888315200805664e+00,2.800908327102661133e+00,2.718570232391357422e+00,2.999843835830688477e+00,2.792931079864501953e+00,2.244226694107055664e+00,2.084595918655395508e+00,3.929241180419921875e+00
9.614331722259521484e+00,2.201967716217041016e+00,2.374372005462646484e+00,1.691393375396728516e+00,1.638148784637451172e+00,2.373146533966064453e+00,2.004223108291625977e+00,2.319682836532592773e+00,2.552842617034912109e+00,2.144757270812988281e+00,1.941712856292724609e+00,2.365156173706054688e+00,2.571733951568603516e+00,2.255086421966552734e+00,2.677468061447143555e+00,2.520289182662963867e+00,2.526353120803833008e+00,2.664042472839355469e+00,2.944039583206176758e+00,2.938572645187377930e+00
9.589495658874511719e+00,2.018639802932739258e+00,2.274956464767456055e+00,2.174602746963500977e+00,1.878746986389160156e+00,1.953934907913208008e+00,2.001194477081298828e+00,2.286499977111816406e+00,2.271928310394287109e+00,2.251152276992797852e+00,2.590592145919799805e+00,2.143227815628051758e+00,2.255491495132446289e+00,2.365264415740966797e+00,2.188035726547241211e+00,2.533683061599731445e+00,3.011336565017700195e+00,2.624339580535888672e+00,3.094687461853027344e+00,2.854817628860473633e+00
9.460630655288696289e+00,1.957038640975952148e+00,1.999228000640869141e+00,2.008270502090454102e+00,2.176718950271606445e+00,2.031653881072998047e+00,2.041488647460937500e+00,2.059177637100219727e+00,2.106178283691406250e+00,1.938948869705200195e+00,2.498692750930786133e+00,2.421669960021972656e+00,2.115680456161499023e+00,2.973388195037841797e+00,2.283118247985839844e+00,2.577883481979370117e+00,3.295055866241455078e+00,3.302138566970825195e+00,3.233749389648437500e+00,2.589756250381469727e+00
9.576251983642578125e+00,2.043337345123291016e+00,2.538987159729003906e+00,2.450730085372924805e+00,2.684949636459350586e+00,1.747494220733642578e+00,2.250390052795410156e+00,2.627916336059570312e+00,2.469521522521972656e+00,2.580226659774780273e+00,2.295387983322143555e+00,2.479813575744628906e+00,2.488419532775878906e+00,2.610707759857177734e+00,3.237524509429931641e+00,3.123739004135131836e+00,2.573389768600463867e+00,2.873016595840454102e+00,2.942354440689086914e+00,2.907728433609008789e+00
