1.149321508407592773e+01,3.428495883941650391e+00,3.056283712387084961e+00,2.180076599121093750e+00,2.192797660827636719e+00,1.314861059188842773e+00,1.129339694976806641e+00,1.107131719589233398e+00,1.456774950027465820e+00,1.204951286315917969e+00
9.859944581985473633e+00,1.423759222030639648e+00,1.500124216079711914e+00,1.235769748687744141e+00,2.004474878311157227e+00,1.414538621902465820e+00,1.303867101669311523e+00,1.233021736145019531e+00,1.125682115554809570e+00,1.016327619552612305e+00
9.682047843933105469e+00,2.337017059326171875e+00,8.530502319335937500e-01,8.791737556457519531e-01,8.744850158691406250e-01,1.653670072555541992e+00,1.430845022201538086e+00,1.924045085906982422e+00,2.088136196136474609e+00,1.836680173873901367e+00
9.956903934478759766e+00,1.030847072601318359e+00,1.208813905715942383e+00,8.635175228118896484e-01,1.764191865921020508e+00,1.664675474166870117e+00,1.580221176147460938e+00,1.465485095977783203e+00,1.401832342147827148e+00,1.498030900955200195e+00
1.010315895080566406e+01,2.234674930572509766e+00,2.249492168426513672e+00,1.615575790405273438e+00,1.100200653076171875e+00,9.310672283172607422e-01,1.812994241714477539e+00,1.395365715026855469e+00,1.854650735855102539e+00,1.716396570205688477e+00
9.895056486129760742e+00,2.315938949584960938e+00,8.427789211273193359e-01,8.707537651062011719e-01,1.494567155838012695e+00,2.147299766540527344e+00,2.063077449798583984e+00,1.741720914840698242e+00,1.532167434692382812e+00,1.862686634063720703e+00
1.063799834251403809e+01,1.402775526046752930e+00,1.740574359893798828e+00,8.649306297302246094e-01,1.114439725875854492e+00,1.878384351730346680e+00,2.042231321334838867e+00,2.031526565551757812e+00,2.209601163864135742e+00,2.217665672302246094e+00
1.006765174865722656e+01,1.525296688079833984e+00,1.362875699996948242e+00,1.488385200500488281e+00,1.553933858871459961e+00,2.048668861389160156e+00,1.497578620910644531e+00,9.307773113250732422e-01,9.101965427398681641e-01,9.622449874877929688e-01
9.951998710632324219e+00,1.412049770355224609e+00,1.672563076019287109e+00,1.151959657669067383e+00,9.357068538665771484e-01,9.278364181518554688e-01,8.968040943145751953e-01,1.829907894134521484e+00,1.611654758453369141e+00,1.849817276000976562e+00
1.047480344772338867e+01,1.410824298858642578e+00,1.564447164535522461e+00,1.888413667678833008e+00,1.967505693435668945e+00,1.977898359298706055e+00,2.212566614151000977e+00,2.416348457336425781e+00,2.193039417266845703e+00,2.146083593368530273e+00
