2.007317504896391824e+00,1.887317193295263706e+00,1.819100131413080135e+00,1.410751348236761515e+00,1.347607850477666958e+00,1.202169643194814341e+00,1.202169643194814341e+00,1.139500619291743178e+00,1.099946542794533855e+00,1.099946542794532078e+00,1.099946542794533855e+00,1.099946542794533855e+00,1.099946542794533855e+00,1.099946542794532078e+00,1.099946542794533855e+00,1.099946542794533855e+00,1.099946542794533855e+00,1.004687645784109407e+00,1.004687645784107630e+00,9.853039176048401515e-01,9.092506344503021865e-01
1.922150751424236859e+00,1.758829505190364628e+00,1.758829505190362852e+00,1.720092286293258610e+00,1.576288084451132221e+00,1.469295567539070646e+00,1.370511101071484106e+00,1.370511101071485882e+00,1.334411063983695911e+00,1.334411063983695911e+00,1.334411063983695911e+00,1.334411063983695911e+00,1.309126046854968806e+00,1.309126046854970582e+00,1.087410825751746302e+00,1.078395374780649618e+00,9.474009167035610801e-01,9.474009167035628565e-01,9.474009167035610801e-01,8.784662103593614546e-01,8.450043755812348678e-01
1.985623340385032520e+00,1.793976987758217234e+00,1.764370150738244547e+00,1.764370150738248100e+00,1.683865010661971695e+00,1.683865010661975248e+00,1.515131114137734158e+00,1.515131114137734158e+00,1.182843663724344907e+00,1.182843663724344907e+00,1.182843663724344907e+00,1.181552053352341147e+00,1.177898528226215547e+00,1.177898528226219099e+00,1.023031296602415097e+00,1.023031296602411544e+00,9.926194789642135419e-01,9.926194789642153182e-01,9.926194789642153182e-01,6.111859009965598943e-01,5.314907927035683599e-01
1.588911208601032854e+00,1.420498869872087511e+00,1.391294281766098706e+00,1.391294281766100482e+00,1.382054000372276548e+00,1.281525110931793776e+00,1.281525110931793776e+00,1.280243623336145831e+00,1.094693341325687186e+00,1.094693341325688962e+00,1.094693341325688962e+00,1.094693341325685410e+00,1.044826383253068869e+00,1.044826383253070645e+00,1.044826383253067092e+00,9.278826017766093059e-01,7.168069298066637174e-01,7.168069298066601647e-01,7.168069298066601647e-01,6.653747452177540822e-01,6.652062955016457835e-01
1.501532709583916159e+00,1.381962297765653602e+00,1.363879279680537238e+00,1.360661370681764737e+00,1.341029817439897798e+00,1.289717755183939829e+00,1.289717755183941605e+00,1.239280102106960157e+00,1.220574279802484341e+00,1.220574279802484341e+00,1.210230037221466048e+00,1.210230037221469601e+00,1.202224759062215043e+00,1.185568929001791005e+00,1.185568929001791005e+00,1.185568929001789229e+00,1.185568929001789229e+00,1.169451576651656666e+00,1.080530534550973698e+00,9.683175112609259116e-01,7.518041996147672990e-01
1.923637128854224443e+00,1.839847936507970516e+00,1.839847936507972292e+00,1.648768403321525966e+00,1.501373507302552923e+00,1.416739918088381955e+00,1.416739918088381955e+00,1.416739918088381955e+00,1.416739918088381955e+00,1.416739918088381955e+00,1.238901268821537727e+00,1.238901268821537727e+00,1.238901268821537727e+00,1.065018340901868754e+00,1.065018340901868754e+00,1.025209741491746485e+00,9.422675585211059968e-01,8.365477622962309567e-01,8.195702522410179824e-01,8.195702522410179824e-01,7.977667519583224731e-01
2.005614399496558065e+00,1.855697382090955472e+00,1.855697382090955472e+00,1.785887426114364018e+00,1.785887426114360466e+00,1.622869521708572904e+00,1.550684931176366632e+00,1.506263286490749920e+00,1.493206490385212248e+00,1.493206490385212248e+00,1.493206490385212248e+00,1.436861176242992144e+00,1.436861176242995697e+00,1.436861176242995697e+00,1.436861176242995697e+00,1.396337218451773055e+00,1.388267751551030216e+00,1.388267751551030216e+00,1.388267751551028439e+00,1.388267751551030216e+00,1.369969926509540414e+00
2.181769061844404334e+00,1.974416660134245660e+00,1.974416660134243884e+00,1.698709328324202517e+00,1.460055800258428960e+00,1.460055800258428960e+00,1.460055800258430736e+00,1.450092367936631987e+00,1.450092367936630211e+00,1.297772762275320346e+00,1.138392196078946483e+00,1.114071048113192575e+00,9.897022600213585264e-01,9.897022600213585264e-01,9.637500797913958195e-01,9.637500797913958195e-01,9.035643725622577449e-01,8.552594263144932540e-01,8.191628866304547785e-01,7.231670188856256232e-01,7.076630106386367913e-01
1.998340620877616658e+00,1.900926406527075230e+00,1.759299624159080366e+00,1.759299624159080366e+00,1.356254351405986824e+00,1.356254351405986824e+00,1.309778469399095258e+00,1.277336674269212935e+00,1.257034332323211601e+00,1.257034332323211601e+00,1.257034332323211601e+00,1.257034332323211601e+00,1.257034332323211601e+00,1.257034332323211601e+00,1.257034332323211601e+00,1.241736010507487720e+00,1.177089665763755733e+00,1.177089665763755733e+00,1.024970407433471564e+00,1.024970407433471564e+00,9.593256811296839714e-01
2.233024257702396653e+00,2.039170215198058855e+00,2.039170215198058855e+00,2.039170215198057079e+00,1.853639645325745988e+00,1.853639645325745988e+00,1.770542692582164790e+00,1.666777645715001199e+00,1.641138637614950824e+00,1.563913546049167991e+00,1.563913546049171543e+00,1.563913546049167991e+00,1.506895429367688166e+00,1.506895429367684613e+00,1.197897829244817913e+00,1.170016592784659082e+00,1.029053709277114592e+00,1.029053709277114592e+00,8.759468523627980119e-01,7.041085373431741345e-01,6.376844986882161948e-01
