8.883540630340576172e+00,1.116338253021240234e+00,1.354574203491210938e+00,1.199821233749389648e+00,1.411039113998413086e+00,1.176900386810302734e+00,1.168085575103759766e+00,1.594272375106811523e+00,1.756446838378906250e+00,1.518338918685913086e+00
8.509689092636108398e+00,1.248094320297241211e+00,1.190845012664794922e+00,1.192800760269165039e+00,1.316325187683105469e+00,1.194387197494506836e+00,1.287517309188842773e+00,1.392312049865722656e+00,1.464582681655883789e+00,1.394542932510375977e+00
8.095968246459960938e+00,1.053219318389892578e+00,1.090098142623901367e+00,1.143292188644409180e+00,1.186786174774169922e+00,1.600912094116210938e+00,1.457225799560546875e+00,1.475172996520996094e+00,1.525796413421630859e+00,1.673209428787231445e+00
8.371999502182006836e+00,1.086670637130737305e+00,1.121803283691406250e+00,1.152158498764038086e+00,1.295096635818481445e+00,1.239383220672607422e+00,1.077971696853637695e+00,1.257463693618774414e+00,1.211515903472900391e+00,1.438022136688232422e+00
1.794370150566101074e+01,1.451100349426269531e+00,1.399165868759155273e+00,1.254209756851196289e+00,1.284563064575195312e+00,1.273186206817626953e+00,1.654693603515625000e+00,1.618288040161132812e+00,1.465118885040283203e+00,1.409856319427490234e+00
9.620727300643920898e+00,1.253437519073486328e+00,1.346609354019165039e+00,1.334902286529541016e+00,1.379320144653320312e+00,1.426022291183471680e+00,1.365406274795532227e+00,1.598437786102294922e+00,1.463420867919921875e+00,1.409478664398193359e+00
1.199120020866394043e+01,1.029263973236083984e+00,1.086027860641479492e+00,1.117564201354980469e+00,1.151843309402465820e+00,1.241183996200561523e+00,1.536538839340209961e+00,1.503242492675781250e+00,1.330960035324096680e+00,1.422133445739746094e+00
8.176360130310058594e+00,1.172242164611816406e+00,1.197114467620849609e+00,1.652218341827392578e+00,1.466409921646118164e+00,1.221434593200683594e+00,1.258632183074951172e+00,1.137139081954956055e+00,1.186092376708984375e+00,1.211368083953857422e+00
8.083246231079101562e+00,1.141069412231445312e+00,1.172224760055541992e+00,1.100221395492553711e+00,1.143913745880126953e+00,1.153191566467285156e+00,1.203608274459838867e+00,1.415564775466918945e+00,1.444343805313110352e+00,1.610538005828857422e+00
7.859016418457031250e+00,1.294434309005737305e+00,1.265028715133666992e+00,1.101930141448974609e+00,1.119739532470703125e+00,1.134460926055908203e+00,1.175151348114013672e+00,1.383441209793090820e+00,1.367259740829467773e+00,1.363120794296264648e+00
