2.797744829895603580e+00,2.313709543449924411e+00,2.313709543449924411e+00,2.313709543449924411e+00,2.313709543449924411e+00,2.077950380519429707e+00,2.077950380519428819e+00,1.650110085840243102e+00,1.650110085840243102e+00,1.650110085840243102e+00,9.904939860571797539e-01,8.458055613235542225e-01,7.797736234933072552e-01
1.177418109624597697e+00,1.177418109624597697e+00,1.177418109624597697e+00,1.127526107792474974e+00,1.127526107792474974e+00,1.051708288962737825e+00,1.051708288962737825e+00,1.051708288962737825e+00,7.128473710909881689e-01,7.107435025108834736e-01,7.059631337725802425e-01,7.059631337725802425e-01,3.753699077606977852e-01
7.679242775455090708e-01,7.679242775455090708e-01,7.529859149927924378e-01,7.529859149927924378e-01,7.529826772701255777e-01,4.282078072988664275e-01,4.282078072988664275e-01,3.917214496736542984e-01,3.917214496736542984e-01,3.917214496736542984e-01,3.917214496736542984e-01,3.917214496736542984e-01,3.917214496736542984e-01
1.516214544103586359e+00,1.423315423792014478e+00,1.405194459677537200e+00,1.403923437982093958e+00,1.402187669679218374e+00,1.379102315368470499e+00,1.312314404420513725e+00,1.250283621037630244e+00,1.224777832014520840e+00,5.158262170700647076e-01,5.002855295291093185e-01,5.002855295291093185e-01,5.002855295291093185e-01
3.224832980342303923e+00,2.774573250350188758e+00,2.727785725320752697e+00,2.727785725320752697e+00,2.727785725320752697e+00,2.701526259083818715e+00,2.573875049944861715e+00,2.573875049944861715e+00,2.459008582780400687e+00,2.459008582780400687e+00,2.356977671534133734e+00,2.280267907153398887e+00,2.280267907153398887e+00
1.352257340905857141e+00,1.331010297778159490e+00,1.331010297778159490e+00,1.331010297778159490e+00,1.331010297778159490e+00,1.331010297778160378e+00,9.156509182579926076e-01,9.156509182579926076e-01,9.156509182579926076e-01,9.156509182579926076e-01,7.934665590048561867e-01,7.934665590048561867e-01,7.934665590048561867e-01
2.048898251902434353e+00,2.027139272416902838e+00,2.027139272416902838e+00,2.027139272416902838e+00,2.027139272416902838e+00,1.997554014598779570e+00,1.997554014598779570e+00,1.401598944166142502e+00,1.401598944166142502e+00,1.401598944166142502e+00,1.400299221960898954e+00,1.400299221960898954e+00,1.353594445958132830e+00
1.133739594830706743e+00,1.122222116134257597e+00,1.122222116134257597e+00,1.122222116134257597e+00,1.122222116134257597e+00,5.935520162664831290e-01,5.935520162664831290e-01,5.935520162664831290e-01,5.914599044676096540e-01,5.724732112523795990e-01,5.724732112523795990e-01,2.577822997673147043e-01,2.067966320194765117e-01
2.599569346526374503e+00,2.542552260645355666e+00,2.507024332019955892e+00,2.507024332019955892e+00,2.504997366261511260e+00,2.078286290411904602e+00,1.421507902948412116e+00,1.421507902948412116e+00,1.136730916418040138e+00,9.380171469145519580e-01,8.981562701063010579e-01,8.981562701063010579e-01,8.928768899502976808e-01
1.524055026239329536e+00,1.524055026239329536e+00,1.439114055564458816e+00,1.414146864091449629e+00,1.414146864091449629e+00,1.411736205717089021e+00,1.411736205717089021e+00,1.411736205717089021e+00,1.411736205717089021e+00,1.411736205717089021e+00,1.277778069880953105e+00,1.277778069880953105e+00,1.277778069880953105e+00
