1.262588524818420410e+01,3.066276550292968750e+00,3.736158609390258789e+00,4.915463924407958984e+00,6.732520103454589844e+00,5.882184505462646484e+00,6.158069372177124023e+00,5.350016593933105469e+00,5.312088727951049805e+00,5.353788137435913086e+00
1.413621330261230469e+01,2.748007774353027344e+00,4.088738203048706055e+00,3.775471448898315430e+00,4.577911615371704102e+00,3.824897050857543945e+00,4.231814384460449219e+00,6.542746543884277344e+00,1.003377699851989746e+01,1.215557074546813965e+01
1.270678591728210449e+01,2.234302043914794922e+00,4.049010992050170898e+00,5.031622409820556641e+00,5.622518539428710938e+00,5.533247470855712891e+00,5.737506389617919922e+00,6.167378664016723633e+00,7.360211610794067383e+00,8.816390037536621094e+00
1.671010851860046387e+01,2.555815458297729492e+00,4.096072912216186523e+00,4.688398599624633789e+00,7.257749319076538086e+00,1.008294463157653809e+01,5.885593175888061523e+00,5.071336030960083008e+00,5.382460594177246094e+00,5.082758903503417969e+00
1.198199725151062012e+01,2.408413410186767578e+00,3.591273546218872070e+00,5.851675510406494141e+00,5.858918905258178711e+00,5.032192468643188477e+00,3.761577606201171875e+00,5.740973472595214844e+00,4.677075147628784180e+00,9.054981470108032227e+00
1.293725848197937012e+01,2.188181161880493164e+00,3.472546577453613281e+00,4.654341459274291992e+00,5.056185722351074219e+00,6.402363538742065430e+00,3.944653034210205078e+00,4.231218338012695312e+00,5.835836410522460938e+00,8.624638319015502930e+00
1.142290186882019043e+01,2.592206954956054688e+00,3.039379835128784180e+00,4.030291795730590820e+00,8.726805448532104492e+00,8.105174779891967773e+00,6.131391048431396484e+00,6.488254785537719727e+00,8.346859693527221680e+00,1.054319810867309570e+01
1.206559848785400391e+01,2.622745037078857422e+00,3.752589702606201172e+00,7.276172399520874023e+00,4.221459150314331055e+00,6.602550029754638672e+00,5.603875160217285156e+00,5.940385818481445312e+00,7.480725765228271484e+00,7.887916564941406250e+00
1.156392478942871094e+01,5.474180698394775391e+00,4.231276512145996094e+00,5.376769304275512695e+00,7.709650754928588867e+00,7.045770883560180664e+00,7.171967267990112305e+00,6.003605127334594727e+00,1.025334095954895020e+01,1.250222325325012207e+01
1.228573441505432129e+01,2.799623489379882812e+00,3.537180662155151367e+00,4.165666818618774414e+00,6.388865232467651367e+00,5.774798870086669922e+00,4.683732748031616211e+00,4.644267082214355469e+00,4.816064596176147461e+00,7.397134065628051758e+00
