1.027771663665771484e+01,1.093856334686279297e+00,1.017759561538696289e+00
9.052399158477783203e+00,9.503171443939208984e-01,9.730224609375000000e-01
9.641768455505371094e+00,9.877157211303710938e-01,1.008813142776489258e+00
1.020416784286499023e+01,1.010336160659790039e+00,9.608294963836669922e-01
9.149113655090332031e+00,9.707088470458984375e-01,1.246463775634765625e+00
9.238553285598754883e+00,1.003889083862304688e+00,9.975464344024658203e-01
9.793706417083740234e+00,1.000829219818115234e+00,1.037079334259033203e+00
9.563778638839721680e+00,9.648492336273193359e-01,9.973552227020263672e-01
9.433357238769531250e+00,1.054016113281250000e+00,1.007028341293334961e+00
9.396962642669677734e+00,1.012872457504272461e+00,1.021694660186767578e+00
