1.272257399559020996e+01,1.502659797668457031e+00,1.301975727081298828e+00,1.251793146133422852e+00,1.304834127426147461e+00,1.324371337890625000e+00,1.360695123672485352e+00
9.398092985153198242e+00,1.235021591186523438e+00,1.279267072677612305e+00,1.282841444015502930e+00,1.402667284011840820e+00,1.804517030715942383e+00,3.068822622299194336e+00
1.013260388374328613e+01,1.580912590026855469e+00,1.291054487228393555e+00,1.215418815612792969e+00,1.178727388381958008e+00,1.181907176971435547e+00,1.157422780990600586e+00
9.156505346298217773e+00,1.248718976974487305e+00,3.122964859008789062e+00,1.660000801086425781e+00,1.505698204040527344e+00,1.449216365814208984e+00,1.843489646911621094e+00
1.012598943710327148e+01,1.162995338439941406e+00,1.237913370132446289e+00,1.360187530517578125e+00,1.289277553558349609e+00,1.275249242782592773e+00,1.297112226486206055e+00
1.413427305221557617e+01,1.471086740493774414e+00,1.357684135437011719e+00,1.533291816711425781e+00,1.571612834930419922e+00,1.414802074432373047e+00,1.233436107635498047e+00
9.715060472488403320e+00,1.172405242919921875e+00,1.165092468261718750e+00,1.199309110641479492e+00,1.774130105972290039e+00,1.330249071121215820e+00,1.439157009124755859e+00
1.379483819007873535e+01,1.328427553176879883e+00,1.385678291320800781e+00,1.514158487319946289e+00,1.595515966415405273e+00,1.446298122406005859e+00,1.369885921478271484e+00
1.000374698638916016e+01,1.309150695800781250e+00,1.299796342849731445e+00,1.482900142669677734e+00,1.310480833053588867e+00,1.217372179031372070e+00,1.300642251968383789e+00
1.295298075675964355e+01,1.534381628036499023e+00,1.386739730834960938e+00,1.319898366928100586e+00,1.386862516403198242e+00,1.365296363830566406e+00,1.327674627304077148e+00
