4.969028242867912226e-01,4.969028242867912226e-01,4.969028242867912226e-01,4.908888594293330243e-01,4.908888594293330243e-01,4.616881352295325591e-01,4.584879376086150593e-01,4.571074359263156417e-01,4.571074359263156417e-01,4.555364397524930276e-01,4.553059812186073252e-01,4.550470619256477001e-01,4.549234070820706854e-01
6.639153646220838922e-01,6.639153646220838922e-01,3.913124586515728254e-01,3.913124586515728254e-01,2.881178518211529038e-01,1.961221095417267080e-01,1.793743144569166503e-01,1.018799371890235506e-01,8.422445486512764035e-02,7.220428702962333745e-02,6.133482141605028914e-02,5.973539838433428173e-02,5.804913469396311143e-02
1.193843449301190240e+00,1.160292364548381805e+00,6.174047320979134668e-01,5.720386149862841663e-01,4.992347483764945082e-01,2.391379491324885365e-01,2.008981909246978503e-01,2.007130689286702463e-01,1.734749070001431193e-01,1.234828157039133956e-01,1.149840900290532986e-01,1.066234539252457481e-01,9.942686390562283094e-02
8.087066847559798433e-01,8.087066847559798433e-01,7.722172099629442954e-01,5.364771729199624417e-01,4.988518436001720957e-01,3.300576397571042264e-01,3.030015140575637034e-01,2.658685517389187680e-01,2.524725123562268081e-01,1.180795384382200552e-01,9.113308896355576394e-02,7.735576645609576474e-02,5.723692283265080505e-02
5.472479749233354340e-01,5.472479749233354340e-01,5.128874277411368254e-01,3.350898287641550510e-01,3.350898287641550510e-01,2.121695434936254898e-01,1.798096975241030293e-01,1.775528616200636733e-01,1.272407937405288791e-01,1.001263912561114466e-01,9.484845139604747288e-02,7.297178132563342245e-02,6.607820418060583734e-02
3.704244423440128386e-01,3.704244423440128386e-01,3.589945768157649653e-01,2.662243846554392945e-01,2.501631057505973033e-01,1.401133058031902578e-01,1.142676494079264415e-01,9.737070367734723675e-02,8.474370977887080159e-02,6.578292878589131476e-02,5.715408321456827423e-02,5.652928592708406086e-02,5.405753472010399463e-02
4.103539312021577956e-01,4.103539312021577956e-01,3.428418307742404636e-01,3.209776547864811036e-01,2.976181248013149983e-01,2.216776985500361619e-01,1.329923942114019653e-01,1.186934402677017886e-01,1.044705187074717045e-01,7.903284558691847650e-02,6.708603157255677019e-02,6.634442197197021329e-02,6.299292816279056240e-02
1.187244780452756387e+00,6.406173565157873284e-01,6.406173565157873284e-01,6.288705794425908380e-01,6.288705794425908380e-01,4.040280785622432091e-01,2.609951047625838072e-01,2.609951047625838072e-01,1.750738414840098400e-01,1.261750711894622512e-01,1.125430204097872533e-01,8.316652215643038915e-02,7.926945436382037968e-02
7.418943097957280131e-01,7.418943097957280131e-01,6.415011375641741509e-01,4.517554723413628182e-01,4.517554723413628182e-01,3.762461342922582830e-01,3.645035012651511863e-01,3.645035012651511863e-01,3.579209905563196514e-01,2.981438852404654227e-01,2.868026187107988179e-01,2.682074153249658366e-01,1.535846096663417981e-01
1.132351956685878847e+00,8.797002715648973847e-01,8.797002715648973847e-01,4.592813126502859333e-01,4.592813126502859333e-01,2.507393751992248454e-01,1.754501226545954751e-01,1.519782881343489933e-01,1.182840495333312703e-01,8.544693340503783929e-02,7.985359991097418231e-02,7.356185809895876559e-02,7.188708493900364260e-02
