4.309021868596363447e+01,4.309021868596363447e+01,4.309021868596363447e+01,4.309021868596363447e+01,4.309021868596363447e+01,4.309021868596363447e+01,4.307818701434540287e+01,4.304958277003211009e+01,4.304958277003211009e+01,4.304958277003211009e+01,4.281764032799844699e+01,4.281764032799844699e+01,4.281764032799844699e+01,4.281764032799844699e+01,4.281764032799844699e+01,4.281764032799844699e+01,4.281764032799844699e+01,4.281764032799844699e+01,4.279452150566461910e+01,4.279452150566461910e+01,4.244771057501380795e+01
4.347627686601476427e+01,4.347627686601476427e+01,4.347627686601476427e+01,4.341628417595592282e+01,4.341628417595592282e+01,4.341628417595592282e+01,4.341628417595592282e+01,4.341628417595592282e+01,4.341628417595592282e+01,4.341628417595592282e+01,4.341628417595592282e+01,4.341628417595592282e+01,4.341628417595592282e+01,4.195508053416766359e+01,4.195508053416766359e+01,4.163166273236819848e+01,4.163166273236819848e+01,4.129843082865613724e+01,4.107743734423888782e+01,4.092229298244036073e+01,4.081418712510389923e+01
4.230081516909465478e+01,4.230081516909465478e+01,4.230081516909465478e+01,4.230081516909465478e+01,4.230081516909465478e+01,4.230081516909465478e+01,4.230081516909465478e+01,4.230081516909465478e+01,4.230081516909465478e+01,4.230081516909465478e+01,4.230081516909465478e+01,4.230081516909465478e+01,4.230081516909465478e+01,4.230081516909465478e+01,4.117835665382337851e+01,4.117835665382337851e+01,4.117835665382337851e+01,4.117835665382337851e+01,3.993807201556903408e+01,3.993807201556903408e+01,3.993807201556903408e+01
4.558104585577921597e+01,4.558104585577921597e+01,4.558104585577921597e+01,4.558104585577921597e+01,4.558104585577921597e+01,4.552334876473151581e+01,4.552334876473151581e+01,4.540601787805848488e+01,4.532179637183854481e+01,4.532179637183854481e+01,4.239528167519014801e+01,3.862008680424622753e+01,3.862008680424622753e+01,3.862008680424622753e+01,3.862008680424622753e+01,3.862008680424622753e+01,3.862008680424622753e+01,3.715879280225246362e+01,3.715879280225246362e+01,3.668599100651675116e+01,3.668599100651675116e+01
4.512023175858939084e+01,4.512023175858939084e+01,4.512023175858939084e+01,4.512023175858939084e+01,4.512023175858939084e+01,4.512023175858939084e+01,4.512023175858939084e+01,4.512023175858939084e+01,4.512023175858939084e+01,4.512023175858939084e+01,4.510855797574217263e+01,4.506324235366435715e+01,4.506324235366435715e+01,4.506324235366435715e+01,4.382181353932330126e+01,4.382181353932330126e+01,4.346582999439677764e+01,4.219023783015163076e+01,4.187003240093478951e+01,4.177824241374042913e+01,4.086455028486451369e+01
4.600763401788984197e+01,4.600763401788984197e+01,4.600763401788984197e+01,4.526997015566097815e+01,4.526997015566097815e+01,4.526997015566097815e+01,4.460456853281405643e+01,4.460421773308369353e+01,4.435734287474375037e+01,4.435734287474375037e+01,4.399159732761921049e+01,4.399159732761921049e+01,4.393987668495191201e+01,4.393987668495191201e+01,4.393987668495191201e+01,4.393987668495191201e+01,4.368629932267415938e+01,4.368629932267415938e+01,4.368629932267415938e+01,4.368629932267415938e+01,4.368629932267415938e+01
4.462187432598614123e+01,4.462187432598614123e+01,4.462187432598614123e+01,4.462187432598614123e+01,4.462187432598614123e+01,4.352447499302508049e+01,4.350660912280213211e+01,4.338192594811451386e+01,4.338192594811451386e+01,4.338192594811451386e+01,4.338192594811451386e+01,4.338192594811451386e+01,4.338192594811451386e+01,4.338192594811451386e+01,4.338192594811451386e+01,4.338192594811451386e+01,4.338192594811451386e+01,4.338192594811451386e+01,4.317178390913809238e+01,4.317178390913809238e+01,4.296523612711309426e+01
4.419633327502766917e+01,4.419633327502766917e+01,4.419633327502766917e+01,4.416557819935658102e+01,4.416557819935658102e+01,4.416557819935658102e+01,4.410458962522901771e+01,4.410458962522901771e+01,4.407994531659315385e+01,4.407994531659315385e+01,4.407994531659315385e+01,4.406642318865553420e+01,4.406499160098903189e+01,4.406499160098903189e+01,4.363304712898284521e+01,4.363304712898284521e+01,4.296554810467312535e+01,4.296554810467312535e+01,4.229908532902800999e+01,4.229908532902800999e+01,4.229908532902800999e+01
4.281059111023938613e+01,4.281059111023938613e+01,4.281059111023938613e+01,4.281059111023938613e+01,4.281059111023938613e+01,4.281059111023938613e+01,4.281059111023938613e+01,4.277076520292294504e+01,4.277076520292294504e+01,4.274823209384840084e+01,4.274823209384840084e+01,4.273136417455262404e+01,4.265832507368092053e+01,4.262832928184650427e+01,4.262832928184650427e+01,4.236736292706576990e+01,4.236736292706576990e+01,4.234670162833909757e+01,4.234670162833909757e+01,4.234670162833909757e+01,4.234670162833909757e+01
4.685287584554765772e+01,4.685287584554765772e+01,4.685287584554765772e+01,4.685287584554765772e+01,4.685287584554765772e+01,4.685287584554765772e+01,4.685287584554765772e+01,4.685287584554765772e+01,4.685287584554765772e+01,4.303580543070852116e+01,4.257412694880400039e+01,4.257412694880400039e+01,4.257412694880400039e+01,3.382280247099438952e+01,3.085300053251818042e+01,2.876896636039295529e+01,2.876896636039295529e+01,2.876896636039295529e+01,2.876896636039295529e+01,2.876896636039295529e+01,2.709398268082649963e+01
