7.303990125656127930e+00,1.712921857833862305e+00,1.768056631088256836e+00
6.923896312713623047e+00,1.751413106918334961e+00,1.755961656570434570e+00
7.095860958099365234e+00,1.840896129608154297e+00,1.791990280151367188e+00
6.990873098373413086e+00,1.681900739669799805e+00,1.848242759704589844e+00
6.971652746200561523e+00,1.765355348587036133e+00,1.713017702102661133e+00
6.885252237319946289e+00,1.769296884536743164e+00,1.791639328002929688e+00
7.040937900543212891e+00,1.713127374649047852e+00,2.022443294525146484e+00
6.845201492309570312e+00,1.749844074249267578e+00,1.823414564132690430e+00
7.031035661697387695e+00,1.811008691787719727e+00,1.971101045608520508e+00
6.831434726715087891e+00,2.008016824722290039e+00,1.856191635131835938e+00
