1.123146557807922363e+01,3.204196691513061523e+00,3.282704591751098633e+00,3.329328060150146484e+00,3.485864400863647461e+00,3.362906217575073242e+00,3.477550745010375977e+00,3.924396514892578125e+00,3.416019916534423828e+00,3.186838865280151367e+00,3.747464418411254883e+00,3.842005014419555664e+00,3.859884738922119141e+00,3.602280616760253906e+00,3.460628986358642578e+00,3.850850582122802734e+00,4.276391983032226562e+00,4.270205736160278320e+00,3.852301597595214844e+00,4.555476665496826172e+00
1.023712301254272461e+01,3.833210229873657227e+00,3.848762273788452148e+00,3.813478469848632812e+00,3.665143966674804688e+00,3.657588720321655273e+00,3.451421260833740234e+00,3.689906120300292969e+00,3.668443679809570312e+00,3.743588924407958984e+00,3.861352205276489258e+00,4.056931734085083008e+00,3.796581745147705078e+00,4.001014947891235352e+00,4.740769386291503906e+00,3.942346096038818359e+00,4.046752691268920898e+00,4.454846143722534180e+00,4.460446596145629883e+00,4.561464071273803711e+00
8.182415485382080078e+00,3.376649379730224609e+00,5.547486543655395508e+00,3.740484714508056641e+00,3.606292963027954102e+00,3.555730581283569336e+00,3.638888597488403320e+00,3.429549694061279297e+00,3.413154125213623047e+00,4.010236024856567383e+00,3.730360507965087891e+00,4.218181133270263672e+00,3.665956258773803711e+00,3.544387578964233398e+00,4.121793985366821289e+00,3.768749952316284180e+00,3.898561954498291016e+00,3.851561069488525391e+00,3.914730310440063477e+00,3.883029222488403320e+00
7.941373586654663086e+00,2.968255758285522461e+00,3.026786088943481445e+00,2.919126272201538086e+00,5.201097011566162109e+00,3.634273290634155273e+00,3.711087465286254883e+00,3.352278947830200195e+00,3.287153244018554688e+00,3.344235181808471680e+00,3.400573968887329102e+00,3.906764030456542969e+00,3.799360513687133789e+00,3.916533946990966797e+00,3.243278980255126953e+00,3.611369371414184570e+00,3.809326887130737305e+00,4.143704414367675781e+00,3.915155410766601562e+00,3.954958677291870117e+00
7.909605503082275391e+00,3.152137756347656250e+00,3.179896116256713867e+00,2.956328392028808594e+00,3.313044309616088867e+00,3.349071025848388672e+00,3.270806789398193359e+00,5.629036188125610352e+00,4.156481027603149414e+00,3.175096511840820312e+00,3.763864278793334961e+00,3.735721588134765625e+00,3.691907167434692383e+00,3.555135011672973633e+00,3.951122999191284180e+00,3.678410768508911133e+00,3.777361869812011719e+00,3.921382904052734375e+00,3.430415391921997070e+00,3.748284339904785156e+00
8.552970170974731445e+00,3.277809381484985352e+00,3.235085964202880859e+00,2.964947938919067383e+00,3.160730600357055664e+00,3.354408740997314453e+00,3.481503963470458984e+00,3.383392095565795898e+00,4.006568670272827148e+00,5.986153602600097656e+00,4.126815795898437500e+00,3.827036380767822266e+00,3.952816486358642578e+00,4.182190656661987305e+00,4.068222522735595703e+00,3.786349296569824219e+00,3.871136426925659180e+00,3.937424898147583008e+00,4.158768892288208008e+00,3.969087362289428711e+00
8.180207252502441406e+00,3.197458505630493164e+00,3.357358217239379883e+00,3.230134248733520508e+00,3.281946420669555664e+00,3.099867105484008789e+00,3.541457891464233398e+00,3.313265085220336914e+00,3.641364097595214844e+00,3.552890300750732422e+00,3.194580078125000000e+00,3.500734329223632812e+00,6.457722902297973633e+00,4.495451927185058594e+00,3.814924716949462891e+00,4.118879079818725586e+00,4.204585075378417969e+00,3.736054897308349609e+00,3.966268539428710938e+00,3.697400093078613281e+00
8.183692455291748047e+00,3.077295780181884766e+00,3.092615842819213867e+00,2.838672876358032227e+00,3.320488929748535156e+00,3.143989086151123047e+00,3.409043312072753906e+00,3.078986883163452148e+00,3.158445835113525391e+00,3.311691284179687500e+00,2.998882532119750977e+00,3.064025402069091797e+00,3.357399463653564453e+00,3.209565162658691406e+00,5.626906394958496094e+00,4.108733415603637695e+00,3.745722532272338867e+00,4.026125192642211914e+00,4.329820394515991211e+00,3.794625282287597656e+00
8.388659477233886719e+00,3.245037555694580078e+00,3.106100559234619141e+00,3.188467025756835938e+00,2.941452264785766602e+00,3.050854921340942383e+00,3.257448196411132812e+00,3.514571666717529297e+00,3.340370893478393555e+00,3.193917036056518555e+00,3.487217664718627930e+00,3.529201507568359375e+00,3.422696828842163086e+00,3.636009693145751953e+00,3.718002796173095703e+00,4.093298673629760742e+00,3.584628105163574219e+00,5.909284114837646484e+00,3.915198326110839844e+00,3.944098472595214844e+00
8.266981601715087891e+00,3.266714572906494141e+00,3.390929222106933594e+00,3.328588962554931641e+00,3.005661010742187500e+00,3.541311264038085938e+00,3.221216917037963867e+00,3.537616729736328125e+00,3.420723199844360352e+00,3.554193019866943359e+00,3.529986143112182617e+00,3.848345518112182617e+00,3.635071754455566406e+00,3.535199403762817383e+00,4.086626768112182617e+00,3.847007274627685547e+00,3.698196887969970703e+00,3.387561559677124023e+00,3.685399055480957031e+00,3.849385738372802734e+00
