7.488979578018188477e+00,1.627443313598632812e+00,1.694213390350341797e+00,1.707424640655517578e+00,2.476961612701416016e+00,2.508521318435668945e+00,2.552019119262695312e+00,2.623360395431518555e+00,2.382746219635009766e+00,2.167091608047485352e+00
6.997642040252685547e+00,2.299873113632202148e+00,2.228647470474243164e+00,4.672603130340576172e+00,3.109443426132202148e+00,2.839019060134887695e+00,2.873309850692749023e+00,2.741833925247192383e+00,2.698506116867065430e+00,2.551362514495849609e+00
6.933181524276733398e+00,2.621154546737670898e+00,1.646852970123291016e+00,2.534189939498901367e+00,2.438835859298706055e+00,1.862529754638671875e+00,2.123733282089233398e+00,2.164590358734130859e+00,2.230632543563842773e+00,2.093434095382690430e+00
7.398466587066650391e+00,2.113630056381225586e+00,2.309456825256347656e+00,2.216796398162841797e+00,2.181360006332397461e+00,2.238067865371704102e+00,2.379632949829101562e+00,2.375425100326538086e+00,2.105199098587036133e+00,2.352771043777465820e+00
6.708359956741333008e+00,1.987796068191528320e+00,1.675080776214599609e+00,4.922691345214843750e+00,2.143300771713256836e+00,1.908638477325439453e+00,1.818403244018554688e+00,1.836542129516601562e+00,1.851683855056762695e+00,1.755952119827270508e+00
7.773864984512329102e+00,2.304896593093872070e+00,2.370373487472534180e+00,2.664945840835571289e+00,2.444765567779541016e+00,2.771074295043945312e+00,2.360262393951416016e+00,2.682665824890136719e+00,2.507862329483032227e+00,2.281673192977905273e+00
7.448750495910644531e+00,2.503404617309570312e+00,2.279424190521240234e+00,2.389080524444580078e+00,2.287968158721923828e+00,2.242767095565795898e+00,2.353148221969604492e+00,2.509296178817749023e+00,2.458807229995727539e+00,2.708188056945800781e+00
7.055898904800415039e+00,2.205416679382324219e+00,2.503879785537719727e+00,2.431570053100585938e+00,2.539055824279785156e+00,5.703284263610839844e+00,3.108031272888183594e+00,2.950429201126098633e+00,2.541388273239135742e+00,2.486758708953857422e+00
6.986405134201049805e+00,2.602944135665893555e+00,2.037940740585327148e+00,1.679852247238159180e+00,2.383966922760009766e+00,2.268856763839721680e+00,1.982720375061035156e+00,1.855980396270751953e+00,1.776261806488037109e+00,1.903242349624633789e+00
6.791316986083984375e+00,1.752125263214111328e+00,2.312162399291992188e+00,1.946515560150146484e+00,2.378431320190429688e+00,2.177893638610839844e+00,2.263024330139160156e+00,2.093719005584716797e+00,2.220736026763916016e+00,1.956301450729370117e+00
