1.031520509719848633e+01,3.949460506439208984e+00,5.496214389801025391e+00,5.100930452346801758e+00,6.641344308853149414e+00,1.021563982963562012e+01,9.344719409942626953e+00,6.178236484527587891e+00,6.477391719818115234e+00,7.980822801589965820e+00
9.727447986602783203e+00,3.777165889739990234e+00,5.714096069335937500e+00,6.248810291290283203e+00,6.645253181457519531e+00,7.204124212265014648e+00,5.825295686721801758e+00,6.000259876251220703e+00,1.080837535858154297e+01,1.173437094688415527e+01
9.778978586196899414e+00,4.502482652664184570e+00,4.196321249008178711e+00,5.785693168640136719e+00,6.101254940032958984e+00,6.488795280456542969e+00,4.995769977569580078e+00,6.280646562576293945e+00,8.058327674865722656e+00,1.214650487899780273e+01
1.039877247810363770e+01,4.011383771896362305e+00,5.179069995880126953e+00,6.821528911590576172e+00,7.767874479293823242e+00,8.173783779144287109e+00,9.894303321838378906e+00,7.189483165740966797e+00,8.108335256576538086e+00,8.457148551940917969e+00
1.011997127532958984e+01,3.288577556610107422e+00,4.613792419433593750e+00,5.302228212356567383e+00,9.079131364822387695e+00,8.448138475418090820e+00,6.566602945327758789e+00,6.860175848007202148e+00,8.165345191955566406e+00,8.439229965209960938e+00
9.840847253799438477e+00,3.642084121704101562e+00,4.877005577087402344e+00,4.836297035217285156e+00,7.284561872482299805e+00,9.504417896270751953e+00,7.764711856842041016e+00,6.594487428665161133e+00,6.027901411056518555e+00,9.085911273956298828e+00
9.944514274597167969e+00,4.193139314651489258e+00,4.516889095306396484e+00,6.050818204879760742e+00,7.775975227355957031e+00,9.769981145858764648e+00,7.263393163681030273e+00,8.566231489181518555e+00,6.641930580139160156e+00,9.168654441833496094e+00
9.998473882675170898e+00,4.480603933334350586e+00,5.137495994567871094e+00,5.758871555328369141e+00,7.581851959228515625e+00,8.533313274383544922e+00,6.581834316253662109e+00,6.467345952987670898e+00,9.467912673950195312e+00,1.042286920547485352e+01
9.749808549880981445e+00,3.766845226287841797e+00,4.642927169799804688e+00,4.276763677597045898e+00,4.128262996673583984e+00,4.929783344268798828e+00,5.574539422988891602e+00,6.475016832351684570e+00,9.024340867996215820e+00,1.376913738250732422e+01
1.007916855812072754e+01,3.837857961654663086e+00,5.390108108520507812e+00,5.916645526885986328e+00,7.602698087692260742e+00,1.025040936470031738e+01,8.713889360427856445e+00,7.684234857559204102e+00,9.134281635284423828e+00,1.088285636901855469e+01
