7.425050020217895508e+00,2.994890928268432617e+00,3.871143341064453125e+00,3.897575616836547852e+00,3.931553125381469727e+00
7.266201257705688477e+00,3.476320981979370117e+00,4.090601205825805664e+00,4.282176017761230469e+00,4.591265201568603516e+00
7.594868898391723633e+00,3.132949829101562500e+00,3.183485269546508789e+00,4.628791809082031250e+00,3.897110462188720703e+00
7.630235195159912109e+00,3.761100292205810547e+00,4.374048948287963867e+00,4.273643255233764648e+00,4.170925855636596680e+00
7.377356767654418945e+00,3.409902572631835938e+00,3.837132930755615234e+00,4.021535396575927734e+00,4.072916507720947266e+00
7.594583749771118164e+00,2.734833717346191406e+00,4.011777639389038086e+00,3.479111909866333008e+00,3.903157472610473633e+00
7.679577350616455078e+00,3.078541517257690430e+00,4.008183002471923828e+00,4.188350439071655273e+00,4.504605054855346680e+00
7.657430648803710938e+00,3.496819496154785156e+00,4.320445299148559570e+00,3.823755025863647461e+00,4.386078357696533203e+00
7.567680358886718750e+00,3.649849653244018555e+00,4.015538930892944336e+00,4.772320985794067383e+00,4.420413970947265625e+00
7.751510620117187500e+00,3.563568353652954102e+00,4.133888244628906250e+00,4.282844543457031250e+00,4.709451675415039062e+00
