5.878891211296615182e-01,5.878891211296615182e-01,4.722387078145500183e-01,4.679434090154055426e-01,4.679434090154055426e-01,3.417129981563320484e-01,3.043029955938694187e-01,2.897276191344531071e-01,2.858032423445404646e-01,1.756453974900660242e-01,1.655918450377829032e-01,1.263978434408628004e-01,1.194104414462806574e-01
6.068768203156968966e-01,5.307665156750225322e-01,5.307665156750225322e-01,5.307665156750225322e-01,4.938582849403951869e-01,3.381211446573839652e-01,2.131837592429475237e-01,1.819099318758805595e-01,1.700545990619763970e-01,1.187752324040687313e-01,9.826555889656507503e-02,9.522317463382012903e-02,9.339760943619079825e-02
6.077114680110380363e-01,6.077114680110380363e-01,5.617974288607125999e-01,5.051350392256104271e-01,3.664218470051459065e-01,2.681028551533843896e-01,2.505608171399735795e-01,2.321424606716400163e-01,1.112385519470970863e-01,9.810545371815759808e-02,8.286082597719612863e-02,7.074030328431391013e-02,5.869214842862380266e-02
8.358279766023395396e-01,8.358279766023395396e-01,8.358279766023395396e-01,5.693927965031742033e-01,4.959016250421219851e-01,2.464674694430604163e-01,1.719339971350573038e-01,1.287297984432091980e-01,1.231671355268577628e-01,8.673965635352498538e-02,8.071918983604309261e-02,7.441227432277752740e-02,7.064223630109811580e-02
5.845866500644589792e-01,5.845866500644589792e-01,5.845866500644589792e-01,5.498191250869197688e-01,5.498191250869197688e-01,4.284883001114607737e-01,2.373355679161273102e-01,1.878818408713094357e-01,1.395587915959186631e-01,1.079550844451500069e-01,1.025441912831155378e-01,7.503873030569696567e-02,6.952098277537288595e-02
9.602425225592776670e-01,9.602425225592776670e-01,9.403981164603463228e-01,8.027258524765032988e-01,4.867998140096609916e-01,2.852192669016382354e-01,2.483483558729870921e-01,1.906454773411612180e-01,1.020382589047450494e-01,8.741810646545200569e-02,7.270046136587549057e-02,5.971466511640777242e-02,5.731761224233800078e-02
7.652805163645139963e-01,7.652805163645139963e-01,6.186955255344561699e-01,5.904958530682971052e-01,5.904958530682971052e-01,3.747183240035649732e-01,3.640041163490308485e-01,3.622874570845766584e-01,2.722819494557535691e-01,1.744568444801073426e-01,1.708619659598626939e-01,1.416199155707040802e-01,1.308917161828420106e-01
7.367026015206805667e-01,7.367026015206805667e-01,6.648604583677295565e-01,6.295930185888130026e-01,5.737116313981793780e-01,3.753408124559216574e-01,3.406594148612152040e-01,3.016490960435920243e-01,2.870706093839423545e-01,1.283296935519295801e-01,1.036071817455308519e-01,1.036071817455308519e-01,8.623243955796855431e-02
2.737531417872114403e-01,2.032019026119780136e-01,1.724927758025129876e-01,1.724927758025129876e-01,1.676227942504810997e-01,1.090797896346540341e-01,1.090797896346540341e-01,8.314607911679328112e-02,7.810163290913418876e-02,6.148603451348932936e-02,5.887642184451458149e-02,5.622558386177267664e-02,4.557578864496658611e-02
1.040380814048410762e+00,1.040380814048410762e+00,1.038281059271995765e+00,8.402512965581054871e-01,5.364350897703706877e-01,4.452751243210268939e-01,4.452751243210268939e-01,2.178946545245521449e-01,2.017118132964172972e-01,1.780736672504668050e-01,9.671905415385406712e-02,9.263972059038927398e-02,8.840925137441235648e-02
