9.352862119674682617e+00,1.974158525466918945e+00,1.970074176788330078e+00,2.043470621109008789e+00,2.086426019668579102e+00,2.086391210556030273e+00,2.060942649841308594e+00,2.302623987197875977e+00,2.143847703933715820e+00,2.213351964950561523e+00
6.604998350143432617e+00,1.822337865829467773e+00,3.430058002471923828e+00,2.228086233139038086e+00,2.135888576507568359e+00,2.144944429397583008e+00,2.237246513366699219e+00,2.162169218063354492e+00,2.183004140853881836e+00,2.098457574844360352e+00
6.690143585205078125e+00,1.905085325241088867e+00,2.060044288635253906e+00,2.002288341522216797e+00,1.972703456878662109e+00,2.232453107833862305e+00,2.163512945175170898e+00,2.021911859512329102e+00,2.178554534912109375e+00,2.270035028457641602e+00
9.482391595840454102e+00,1.996260404586791992e+00,1.938004732131958008e+00,1.978473663330078125e+00,2.111555576324462891e+00,2.045863628387451172e+00,2.118035078048706055e+00,2.167344093322753906e+00,2.227653980255126953e+00,2.113205671310424805e+00
6.620401620864868164e+00,1.842911958694458008e+00,1.945181369781494141e+00,1.933941364288330078e+00,2.003275394439697266e+00,3.816747188568115234e+00,2.196313858032226562e+00,2.273510217666625977e+00,2.118163824081420898e+00,2.178988218307495117e+00
6.681615591049194336e+00,1.923242092132568359e+00,2.004908084869384766e+00,1.984273195266723633e+00,2.096929311752319336e+00,2.037202358245849609e+00,2.129563331604003906e+00,2.051275253295898438e+00,2.095489501953125000e+00,2.050890445709228516e+00
8.840986013412475586e+00,1.842792749404907227e+00,1.991658449172973633e+00,2.011405229568481445e+00,2.077615737915039062e+00,2.062938690185546875e+00,2.225938320159912109e+00,2.243627309799194336e+00,2.181597948074340820e+00,2.292598485946655273e+00
6.358086824417114258e+00,1.766710996627807617e+00,2.085264682769775391e+00,2.328060388565063477e+00,2.426450252532958984e+00,2.521290540695190430e+00,2.637303113937377930e+00,2.688481807708740234e+00,4.769670009613037109e+00,2.864639759063720703e+00
7.089875936508178711e+00,1.926543235778808594e+00,2.080401420593261719e+00,1.981667280197143555e+00,2.071643114089965820e+00,2.045884132385253906e+00,2.134921550750732422e+00,2.154163360595703125e+00,2.131094455718994141e+00,2.137839317321777344e+00
6.730801820755004883e+00,1.800778150558471680e+00,4.085266351699829102e+00,2.217227458953857422e+00,2.047714948654174805e+00,2.031602382659912109e+00,2.145883083343505859e+00,2.225583076477050781e+00,2.226332664489746094e+00,2.205994844436645508e+00
