7.497107732465211782e+00,1.195903456918605556e+00,8.303469219909054289e-01,7.468240312925757962e-01,7.468240312925757962e-01,7.468240312925757962e-01,7.468240312925757962e-01,7.468240312925757962e-01,7.468240312925757962e-01,7.468240312925757962e-01,7.468240312925757962e-01,7.468240312925757962e-01,7.468240312925757962e-01,7.468240312925757962e-01,6.973710807642152787e-01,6.067136681982532309e-01,6.067136681982532309e-01,6.067136681982532309e-01,6.067136681982532309e-01,6.067136681982532309e-01,6.067136681982532309e-01
7.805607800995188583e+00,1.195903456918605556e+00,1.108946935179476512e+00,1.108946935179476512e+00,7.690669733967787636e-01,7.690669733967787636e-01,4.864047852737662936e-01,4.864047852737662936e-01,4.864047852737662936e-01,4.864047852737662936e-01,4.864047852737662936e-01,4.864047852737662936e-01,4.864047852737662936e-01,4.864047852737662936e-01,4.864047852737662936e-01,4.864047852737662936e-01,4.864047852737662936e-01,4.864047852737662936e-01,4.275544158542441409e-01,4.275544158542441409e-01,4.275544158542441409e-01
6.122869779115745814e+00,1.109711081510610597e+00,1.109711081510610597e+00,7.947715357683726722e-01,7.947715357683726722e-01,7.567416033621405802e-01,7.445226206733828178e-01,7.165119687402352611e-01,7.036846477027332014e-01,7.036846477027332014e-01,7.036846477027332014e-01,7.036846477027332014e-01,7.036846477027332014e-01,7.036846477027332014e-01,7.036846477027332014e-01,7.036846477027332014e-01,7.036846477027332014e-01,7.036846477027332014e-01,7.036846477027332014e-01,6.975012809014682347e-01,6.975012809014682347e-01
6.699820558038172891e+00,8.798891666212043106e-01,5.118057734452658991e-01,5.118057734452658991e-01,5.118057734452658991e-01,4.288530549096005728e-01,3.731424508842593468e-01,3.617096570692286406e-01,3.561506909888247918e-01,3.561506909888247918e-01,3.561506909888247918e-01,3.561506909888247918e-01,3.561506909888247918e-01,3.561506909888247918e-01,3.561506909888247918e-01,3.561506909888247918e-01,3.561506909888247918e-01,3.561506909888247918e-01,3.561506909888247918e-01,3.561506909888247918e-01,3.561506909888247918e-01
4.294266553807522868e+00,1.195903456918605556e+00,1.108946935179476512e+00,1.108946935179476512e+00,1.108946935179476512e+00,6.620125945561898817e-01,6.328086068545406562e-01,6.202104931212133465e-01,6.195584095823480908e-01,4.540672112945198791e-01,4.540672112945198791e-01,4.540672112945198791e-01,4.540672112945198791e-01,4.034421111854786801e-01,3.741232807101990687e-01,3.741232807101990687e-01,3.570058160281881499e-01,3.570058160281881499e-01,3.570058160281881499e-01,3.570058160281881499e-01,3.570058160281881499e-01
5.548129752610257981e+00,1.065066000422813630e+00,1.065066000422813630e+00,5.461629158848744225e-01,5.461629158848744225e-01,5.070442287238758894e-01,5.070442287238758894e-01,4.912098720483744074e-01,4.912098720483744074e-01,4.912098720483744074e-01,4.912098720483744074e-01,4.912098720483744074e-01,4.912098720483744074e-01,4.912098720483744074e-01,4.912098720483744074e-01,4.912098720483744074e-01,4.912098720483744074e-01,4.912098720483744074e-01,4.912098720483744074e-01,4.912098720483744074e-01,4.912098720483744074e-01
6.729067956512395199e+00,1.195903456918605556e+00,1.108946935179476512e+00,9.521331516799094175e-01,9.521331516799094175e-01,9.509541292429499748e-01,5.913335728784865353e-01,5.913335728784865353e-01,5.051713960490396005e-01,5.051713960490396005e-01,5.051713960490396005e-01,5.051713960490396005e-01,5.051713960490396005e-01,4.544335362929246003e-01,3.264275433677692462e-01,3.098362892170847260e-01,3.098362892170847260e-01,3.098362892170847260e-01,3.098362892170847260e-01,3.098362892170847260e-01,3.098362892170847260e-01
1.671040465228136540e+00,1.606676514402165523e+00,1.606676514402165523e+00,1.249762567577635153e+00,9.754858650634847805e-01,5.328212726137540045e-01,4.999328983538262605e-01,4.772761321209149088e-01,4.763786071866196181e-01,4.763786071866196181e-01,4.763786071866196181e-01,2.882573601130484775e-01,2.799340297370385144e-01,2.799340297370385144e-01,2.743386468218087515e-01,2.743386468218087515e-01,2.743386468218087515e-01,2.743386468218087515e-01,2.743386468218087515e-01,2.743386468218087515e-01,2.743386468218087515e-01
6.785186100929949227e+00,6.271775081944747754e+00,1.429247883158438981e+00,1.429247883158438981e+00,1.429247883158438981e+00,6.636456050752403968e-01,6.636456050752403968e-01,6.213429263148242399e-01,6.213429263148242399e-01,5.065210064664551481e-01,5.065210064664551481e-01,4.551433381331424499e-01,4.551433381331424499e-01,4.001949374692284067e-01,4.001949374692284067e-01,4.001949374692284067e-01,3.962134143473772241e-01,3.960370980568850285e-01,3.960370980568850285e-01,3.960370980568850285e-01,3.960370980568850285e-01
3.103703122732515141e+00,2.879331667276272100e+00,1.108946935179476512e+00,1.108946935179476512e+00,1.108946935179476512e+00,4.819907836714136806e-01,4.819907836714136806e-01,4.563512532578606340e-01,3.598952664526660072e-01,3.598952664526660072e-01,3.598952664526660072e-01,3.598952664526660072e-01,3.598952664526660072e-01,3.598952664526660072e-01,3.598952664526660072e-01,3.598952664526660072e-01,3.598952664526660072e-01,3.598952664526660072e-01,3.598952664526660072e-01,3.598952664526660072e-01,3.598952664526660072e-01
