6.831067800521850586e+00,2.289303064346313477e+00,2.013065099716186523e+00,1.956022739410400391e+00,2.026881456375122070e+00,3.082295179367065430e+00,2.279811859130859375e+00
6.906566858291625977e+00,1.891819477081298828e+00,2.184269189834594727e+00,2.071614027023315430e+00,2.382224559783935547e+00,2.159524679183959961e+00,2.732315301895141602e+00
8.889082431793212891e+00,2.077854871749877930e+00,2.124690294265747070e+00,1.989556312561035156e+00,2.044923543930053711e+00,2.060190200805664062e+00,2.088607311248779297e+00
6.545549392700195312e+00,1.889512062072753906e+00,2.038533210754394531e+00,3.344565629959106445e+00,2.071705818176269531e+00,2.229276418685913086e+00,2.151468753814697266e+00
6.794708967208862305e+00,1.868699550628662109e+00,1.884034156799316406e+00,1.946294546127319336e+00,1.961495399475097656e+00,1.998828887939453125e+00,2.223896026611328125e+00
8.960968017578125000e+00,1.984912872314453125e+00,1.919981718063354492e+00,1.963335990905761719e+00,1.963174581527709961e+00,1.942143917083740234e+00,2.036811351776123047e+00
6.844202995300292969e+00,3.207116127014160156e+00,2.161191701889038086e+00,2.066525697708129883e+00,2.021136522293090820e+00,2.112120866775512695e+00,2.352723836898803711e+00
6.823310136795043945e+00,1.952480316162109375e+00,1.874069929122924805e+00,1.937065601348876953e+00,2.018136501312255859e+00,2.032327413558959961e+00,2.143612146377563477e+00
8.849589824676513672e+00,1.973166227340698242e+00,1.992975234985351562e+00,2.065860033035278320e+00,2.048639535903930664e+00,1.996504306793212891e+00,1.979905843734741211e+00
8.199228763580322266e+00,2.106031179428100586e+00,2.018521070480346680e+00,1.970383644104003906e+00,1.995581626892089844e+00,2.239552259445190430e+00,2.001464366912841797e+00
