7.659683465957641602e+00,1.961764812469482422e+00,2.066908836364746094e+00,1.996060609817504883e+00,2.362350463867187500e+00,2.531127452850341797e+00,3.494894266128540039e+00,4.106204032897949219e+00,3.202442884445190430e+00,3.723870515823364258e+00
6.497481346130371094e+00,2.045739412307739258e+00,1.984668970108032227e+00,1.948590755462646484e+00,1.914378166198730469e+00,2.115802526473999023e+00,2.830586671829223633e+00,2.579576730728149414e+00,3.177040100097656250e+00,3.652817249298095703e+00
9.844661235809326172e+00,2.153086662292480469e+00,2.273414850234985352e+00,2.274899482727050781e+00,2.118777990341186523e+00,1.939720153808593750e+00,2.835341453552246094e+00,2.185844659805297852e+00,2.650204896926879883e+00,2.840341329574584961e+00
6.814530611038208008e+00,1.937488079071044922e+00,2.094247579574584961e+00,1.988380908966064453e+00,2.003459692001342773e+00,2.052391529083251953e+00,2.231555938720703125e+00,2.364830017089843750e+00,2.516480922698974609e+00,2.485114574432373047e+00
6.461467266082763672e+00,1.966917991638183594e+00,2.016370296478271484e+00,2.108433961868286133e+00,2.172749280929565430e+00,4.782258987426757812e+00,2.700523138046264648e+00,2.113931655883789062e+00,2.341048955917358398e+00,2.705198764801025391e+00
8.008115530014038086e+00,1.840057134628295898e+00,2.231466770172119141e+00,2.461385726928710938e+00,3.057674169540405273e+00,2.692986726760864258e+00,3.392083883285522461e+00,3.319201231002807617e+00,4.042496681213378906e+00,3.613771438598632812e+00
6.529542684555053711e+00,1.946673870086669922e+00,2.145357608795166016e+00,2.342107295989990234e+00,1.956952571868896484e+00,2.680527448654174805e+00,3.765422105789184570e+00,4.075929880142211914e+00,4.416721343994140625e+00,4.662255048751831055e+00
1.108656525611877441e+01,2.124436616897583008e+00,2.598358869552612305e+00,2.197409152984619141e+00,2.182513475418090820e+00,2.241296291351318359e+00,2.186567306518554688e+00,2.528409719467163086e+00,2.476671457290649414e+00,3.004896402359008789e+00
7.742259740829467773e+00,1.867590427398681641e+00,2.019006490707397461e+00,2.056652784347534180e+00,2.822486639022827148e+00,3.433195352554321289e+00,3.757860898971557617e+00,3.299436807632446289e+00,3.367797136306762695e+00,2.549932479858398438e+00
6.597687721252441406e+00,1.814120292663574219e+00,1.886466741561889648e+00,2.382653713226318359e+00,5.241474628448486328e+00,2.922364234924316406e+00,2.817479610443115234e+00,2.119993686676025391e+00,3.844799280166625977e+00,4.489225625991821289e+00
