1.941773915290832520e+01,3.098799943923950195e+00,2.796051263809204102e+00,3.070591449737548828e+00,3.119126796722412109e+00,7.225603818893432617e+00,1.058602976799011230e+01,1.442835497856140137e+01,1.511962008476257324e+01,1.588407015800476074e+01
2.203722500801086426e+01,3.176888465881347656e+00,3.258184194564819336e+00,5.079735994338989258e+00,4.090162038803100586e+00,1.057011675834655762e+01,1.278444027900695801e+01,1.176003837585449219e+01,9.159925222396850586e+00,1.031235337257385254e+01
2.223970031738281250e+01,7.703346490859985352e+00,3.302180051803588867e+00,3.306589365005493164e+00,3.531152486801147461e+00,2.851135015487670898e+00,4.875707864761352539e+00,3.576825141906738281e+00,5.477550506591796875e+00,6.730226039886474609e+00
1.938737392425537109e+01,5.214751958847045898e+00,3.756777524948120117e+00,3.735527276992797852e+00,8.245193481445312500e+00,8.253831863403320312e+00,1.286415815353393555e+01,8.164780378341674805e+00,1.154838967323303223e+01,1.391950035095214844e+01
2.067360901832580566e+01,2.681511402130126953e+00,4.012221574783325195e+00,2.608902931213378906e+00,7.099398851394653320e+00,4.882957696914672852e+00,4.029086828231811523e+00,5.515506744384765625e+00,4.533579349517822266e+00,3.395848035812377930e+00
2.318760108947753906e+01,3.561416864395141602e+00,3.701306343078613281e+00,4.227273225784301758e+00,7.112547397613525391e+00,5.294989109039306641e+00,5.907314538955688477e+00,1.118844366073608398e+01,8.394257545471191406e+00,1.188786482810974121e+01
2.410787391662597656e+01,3.319231033325195312e+00,3.391302108764648438e+00,3.260247707366943359e+00,3.989481925964355469e+00,3.609617948532104492e+00,4.112871408462524414e+00,1.145411849021911621e+01,6.871191740036010742e+00,1.042153453826904297e+01
2.166245460510253906e+01,2.939911127090454102e+00,3.286290884017944336e+00,3.353722572326660156e+00,6.929567813873291016e+00,1.654046297073364258e+01,1.416331481933593750e+01,1.621675348281860352e+01,1.686867451667785645e+01,1.868914055824279785e+01
2.034762978553771973e+01,3.572471857070922852e+00,3.829489469528198242e+00,3.400121927261352539e+00,9.652798652648925781e+00,1.409531927108764648e+01,1.428850793838500977e+01,1.544651269912719727e+01,1.473568749427795410e+01,2.039290571212768555e+01
1.999688649177551270e+01,2.638805627822875977e+00,2.663226366043090820e+00,3.538463354110717773e+00,3.435086727142333984e+00,6.570833206176757812e+00,6.290355682373046875e+00,1.192824172973632812e+01,1.367724704742431641e+01,1.880110549926757812e+01
