3.012811732292175293e+01,1.216057300567626953e+01,9.541221141815185547e+00,1.999727368354797363e+01,1.867439627647399902e+01,1.763673400878906250e+01,1.451116609573364258e+01,1.434591531753540039e+01,1.604102158546447754e+01,2.570585489273071289e+01
3.135483026504516602e+01,8.884897708892822266e+00,1.245606374740600586e+01,1.604983997344970703e+01,2.035219621658325195e+01,1.606907391548156738e+01,1.558539175987243652e+01,2.094973254203796387e+01,2.470090389251708984e+01,3.499199986457824707e+01
3.311842274665832520e+01,1.061123442649841309e+01,9.461904048919677734e+00,1.626170611381530762e+01,1.673047757148742676e+01,2.366321969032287598e+01,2.294292402267456055e+01,1.714698982238769531e+01,2.075596308708190918e+01,2.148989439010620117e+01
3.101715874671936035e+01,7.494684696197509766e+00,1.024564361572265625e+01,1.531132912635803223e+01,1.583313512802124023e+01,1.997248005867004395e+01,1.842609977722167969e+01,1.461350393295288086e+01,2.112478375434875488e+01,2.601013231277465820e+01
3.218812298774719238e+01,6.263568878173828125e+00,1.140395188331604004e+01,1.293752336502075195e+01,1.775127196311950684e+01,1.662786340713500977e+01,1.765199780464172363e+01,1.525825428962707520e+01,2.313027930259704590e+01,3.156639313697814941e+01
3.180260682106018066e+01,8.990123987197875977e+00,1.370261931419372559e+01,1.529880475997924805e+01,2.122247385978698730e+01,2.273397302627563477e+01,1.775863194465637207e+01,1.606387400627136230e+01,1.956800031661987305e+01,2.824402570724487305e+01
3.122658157348632812e+01,9.961542844772338867e+00,6.445278882980346680e+00,1.141710329055786133e+01,1.115659618377685547e+01,1.379365539550781250e+01,1.276201319694519043e+01,1.603082489967346191e+01,1.924387383460998535e+01,2.383046674728393555e+01
3.265259933471679688e+01,8.399468421936035156e+00,1.392215466499328613e+01,1.413153505325317383e+01,2.284865260124206543e+01,2.249298739433288574e+01,1.598254776000976562e+01,1.618519186973571777e+01,1.938257265090942383e+01,2.193888378143310547e+01
3.341575980186462402e+01,6.225530385971069336e+00,1.374573063850402832e+01,1.590088939666748047e+01,1.716456580162048340e+01,1.785855388641357422e+01,1.482655978202819824e+01,1.559135818481445312e+01,2.144748306274414062e+01,2.370015382766723633e+01
3.115154123306274414e+01,7.786908149719238281e+00,1.090688133239746094e+01,1.651533031463623047e+01,1.683338356018066406e+01,2.488678550720214844e+01,2.324701237678527832e+01,1.537000179290771484e+01,1.873146009445190430e+01,2.385687279701232910e+01
