2.682202509949703106e+00,2.523076703576917268e+00,2.292663393602872191e+00,2.292663393602872191e+00,2.292663393602872191e+00,2.146775656872716098e+00,2.092082658867962408e+00,1.976073822547654402e+00,1.973208675119721534e+00,1.973208675119721534e+00,1.922118491778412874e+00,1.846659369873865586e+00,1.691144573917625848e+00,1.575877027051220125e+00,1.447563244479500355e+00,1.415783653583988055e+00,1.344535801211971915e+00,1.256719646028809478e+00,1.256719646028809478e+00,1.255120000486474652e+00,1.255120000486474652e+00
1.980654695862728687e+00,1.781396384361444873e+00,1.781396384361446650e+00,1.781396384361444873e+00,1.781396384361443097e+00,1.635423781297856038e+00,1.635423781297856038e+00,1.530126322714746578e+00,1.440802003806400222e+00,1.222188538860573104e+00,1.219059226606267643e+00,1.215318648588365136e+00,1.215318648588365136e+00,9.202828583766891057e-01,9.202828583766891057e-01,9.202828583766891057e-01,9.202828583766891057e-01,9.202828583766891057e-01,9.202828583766891057e-01,9.202828583766891057e-01,9.202828583766891057e-01
2.520644126334888213e+00,2.389273370715162770e+00,2.170036973161707294e+00,1.952229823613883752e+00,1.952229823613887305e+00,1.952229823613887305e+00,1.887436101575524106e+00,1.887436101575524106e+00,1.887436101575524106e+00,1.694105691671605740e+00,1.694105691671605740e+00,1.694105691671605740e+00,1.694105691671605740e+00,1.370186822970515195e+00,1.370186822970516971e+00,1.224930378804277353e+00,1.224930378804277353e+00,1.140113199905353980e+00,1.085156167472712596e+00,1.059323992692748462e+00,1.059323992692748462e+00
1.999303680041519371e+00,1.916270008932484004e+00,1.916270008932484004e+00,1.916270008932485780e+00,1.916270008932485780e+00,1.916270008932485780e+00,1.884908506478314649e+00,1.881130553527668781e+00,1.809202937417698109e+00,1.656504026458826218e+00,1.536567834137922972e+00,1.536567834137919419e+00,1.536567834137919419e+00,1.536567834137919419e+00,1.491404275019643677e+00,1.491404275019643677e+00,1.336556102819116632e+00,1.336556102819120184e+00,1.336556102819116632e+00,1.276505756773872235e+00,1.069047887439181110e+00
1.973286222961190717e+00,1.918745447434911711e+00,1.818345475695458902e+00,1.818345475695455349e+00,1.635842773680572293e+00,1.635842773680572293e+00,1.635842773680572293e+00,1.607953900685174631e+00,1.607953900685174631e+00,1.284275643714110515e+00,1.125523924030300549e+00,1.074611710160038314e+00,1.060265722463970661e+00,1.024843901123794865e+00,1.010390138816248395e+00,9.731847231589014768e-01,9.374187047430364572e-01,9.213355616680214411e-01,8.798344984959047821e-01,7.738787993380675800e-01,7.370101164858535725e-01
2.205685405128386734e+00,2.052349157810880342e+00,2.052349157810880342e+00,1.891281701741728938e+00,1.891281701741728938e+00,1.721155101410413835e+00,1.721155101410410282e+00,1.721155101410410282e+00,1.671626947904574223e+00,1.671626947904577776e+00,1.671626947904577776e+00,1.671626947904574223e+00,1.671626947904574223e+00,1.384183312516743314e+00,1.384183312516743314e+00,1.208984504778095825e+00,1.071170031990266835e+00,8.363595858663188665e-01,7.923996000798396722e-01,7.923996000798378958e-01,7.675227650481897257e-01
1.926556631322139168e+00,1.861584747897195413e+00,1.861584747897197190e+00,1.708873718558031385e+00,1.708873718558034938e+00,1.708873718558031385e+00,1.708873718558031385e+00,1.620313663097704193e+00,1.620313663097707746e+00,1.620313663097711299e+00,1.582478498512308818e+00,1.571534348869132458e+00,1.568067495400054412e+00,1.568067495400054412e+00,1.441972704951599127e+00,1.380372872737421375e+00,1.372525422948507767e+00,1.105457409302811556e+00,1.002202776112792293e+00,8.799577491853654010e-01,7.617466476238412554e-01
1.981272183225797789e+00,1.815388553027432295e+00,1.691987047352004225e+00,1.567210436670741558e+00,1.567210436670741558e+00,1.567210436670741558e+00,1.567210436670738005e+00,1.567210436670738005e+00,1.567210436670738005e+00,1.456029942741421834e+00,1.285860442845601526e+00,1.270956104590116098e+00,1.228395601286585759e+00,1.228395601286583982e+00,1.228395601286585759e+00,1.228395601286583982e+00,1.094365151873985198e+00,9.824370954586960636e-01,8.864222155055561103e-01,8.131953935247455689e-01,6.857279662382520513e-01
2.210421817394555788e+00,2.015484452874307664e+00,2.015484452874311216e+00,2.015484452874307664e+00,2.015484452874307664e+00,2.013599854344478857e+00,1.944183287890933087e+00,1.733739267080293800e+00,1.732555192398194777e+00,1.611163663479025843e+00,1.539870022871717481e+00,1.539870022871717481e+00,1.539870022871717481e+00,1.539870022871717481e+00,1.539870022871717481e+00,1.473073745403986834e+00,1.420570199117909382e+00,1.210145793059083985e+00,9.871357700608598407e-01,9.197542673617622455e-01,9.180823222099441239e-01
2.185555486723499641e+00,2.055850341325724528e+00,2.055850341325728081e+00,2.055850341325728081e+00,1.908814360731273752e+00,1.735025683064314705e+00,1.735025683064314705e+00,1.735025683064314705e+00,1.735025683064314705e+00,1.735025683064314705e+00,1.671113408492573171e+00,1.628642328936479089e+00,1.628642328936479089e+00,1.628642328936475536e+00,1.531116466202288251e+00,1.531116466202284698e+00,1.531116466202284698e+00,1.464577136143699221e+00,1.464577136143695668e+00,1.377990640300259528e+00,1.308958509612327958e+00
