1.370847189747979478e+00,1.370847189747979478e+00,1.370847189747979478e+00,1.178407918018679723e+00,1.178407918018679723e+00,1.173749464310005486e+00,1.173749464310005486e+00,1.173749464310005486e+00,1.173749464310005486e+00,1.173749464310005486e+00,1.173403355656085445e+00,1.173403355656085445e+00,1.173403355656085445e+00
2.606506602049008414e+00,2.583432605640542334e+00,2.583432605640542334e+00,2.304165563102063885e+00,2.304165563102063885e+00,2.266758704989997320e+00,2.266758704989997320e+00,1.679905899087215104e+00,1.537331766988300430e+00,1.537331766988300430e+00,1.537331766988300430e+00,1.537331766988299542e+00,1.089050400952976005e+00
2.622574479553962945e+00,2.443139727631323588e+00,2.443139727631323588e+00,2.443139727631322700e+00,2.417321968582309744e+00,2.417321968582309744e+00,2.417321968582309744e+00,2.387741533398167526e+00,2.387741533398167526e+00,2.261538239243637172e+00,1.143036103689039074e+00,1.142330809084999288e+00,1.121320961583024634e+00
1.098400921854866930e+00,1.098400921854866930e+00,1.085130340776759184e+00,1.085130340776759184e+00,1.085130340776759184e+00,1.085130340776759184e+00,1.085130340776759184e+00,9.273580102146246062e-01,9.273580102146246062e-01,9.273580102146246062e-01,9.273580102146246062e-01,9.273580102146246062e-01,6.943869760371228494e-01
1.968361867061861226e+00,1.968361867061861226e+00,1.720453016972694371e+00,1.720453016972694371e+00,1.660632690918250276e+00,1.437982352132101127e+00,1.437982352132101127e+00,1.437982352132101127e+00,8.166015163522395426e-01,8.166015163522395426e-01,8.166015163522395426e-01,8.166015163522395426e-01,7.392686018899894407e-01
3.489360143283722238e+00,3.016781240162238475e+00,2.717617833813599226e+00,2.269577177171530735e+00,2.269534277807901290e+00,9.425570547563486556e-01,4.956026054108058077e-01,4.956026054108058077e-01,4.956026054108058077e-01,4.956026054108058077e-01,4.422714895856483253e-01,4.422714895856483253e-01,4.408091708479942028e-01
1.341669617303504314e+00,1.341669617303504314e+00,1.296661061304255291e+00,1.280188241148395356e+00,1.280188241148395356e+00,1.280188241148395356e+00,1.003492577294402111e+00,1.003492577294402111e+00,1.003492577294402111e+00,1.003492577294402111e+00,5.205440769108840016e-01,3.267297798993169522e-01,3.267297798993178404e-01
7.874618711459175913e-01,5.779416622476230003e-01,5.779416622476230003e-01,5.779416622476230003e-01,5.672567069891725211e-01,3.075186698266954011e-01,2.144233648423590211e-01,2.144233648423590211e-01,2.144233648423590211e-01,1.393913833365196808e-01,1.393220113061746090e-01,1.393220113061746090e-01,1.393220113061746090e-01
2.266183980676663268e+00,1.319659572031178563e+00,1.319659572031178563e+00,1.319659572031178563e+00,1.319659572031178563e+00,1.103202588177856214e+00,8.350274188957040877e-01,8.350274188957040877e-01,7.419107017947972338e-01,7.419107017947972338e-01,7.419107017947972338e-01,7.419107017947972338e-01,7.419107017947972338e-01
2.439931491648684947e+00,2.204643631375127200e+00,2.204643631375127200e+00,1.468126265034646494e+00,1.468126265034646494e+00,1.401670389916165327e+00,1.328725037395079411e+00,1.328725037395079411e+00,8.749980152156098256e-01,6.281924322943090999e-01,6.281924322943090999e-01,6.281924322943090999e-01,5.834294808514410846e-01
