2.387405228614807129e+01,2.672649860382080078e+00,3.542887449264526367e+00,3.622017383575439453e+00,5.503969430923461914e+00,3.603068828582763672e+00,4.364258289337158203e+00
2.363460993766784668e+01,2.863872766494750977e+00,3.731334447860717773e+00,3.272244930267333984e+00,3.100778818130493164e+00,3.268962621688842773e+00,3.149619340896606445e+00
2.375547599792480469e+01,3.868189573287963867e+00,3.107666492462158203e+00,3.659454107284545898e+00,3.330273866653442383e+00,3.292402029037475586e+00,3.136683940887451172e+00
2.091608977317810059e+01,3.023959875106811523e+00,3.867787361145019531e+00,3.082474470138549805e+00,3.224889755249023438e+00,3.318703174591064453e+00,3.695344448089599609e+00
2.255258250236511230e+01,2.772294521331787109e+00,3.145685911178588867e+00,3.969805240631103516e+00,3.660197973251342773e+00,4.406974315643310547e+00,4.018579483032226562e+00
1.993902349472045898e+01,2.036952733993530273e+00,3.543941020965576172e+00,3.123867750167846680e+00,3.247469425201416016e+00,3.655286312103271484e+00,4.590837478637695312e+00
2.330213618278503418e+01,4.791169166564941406e+00,3.583560943603515625e+00,3.815815448760986328e+00,3.906482696533203125e+00,3.589614152908325195e+00,3.601421117782592773e+00
2.253470659255981445e+01,2.969823360443115234e+00,3.018888950347900391e+00,3.381733894348144531e+00,4.362912893295288086e+00,3.819413185119628906e+00,4.518855333328247070e+00
2.728570437431335449e+01,3.234688520431518555e+00,3.397912740707397461e+00,3.530387639999389648e+00,3.889182806015014648e+00,4.322915315628051758e+00,5.303577184677124023e+00
2.596898365020751953e+01,5.678153753280639648e+00,3.806362867355346680e+00,3.581447362899780273e+00,4.349908590316772461e+00,3.848223209381103516e+00,3.457101345062255859e+00
