4.247037295706171278e+01,4.247037295706171278e+01,4.246363223375634988e+01,4.246363223375634988e+01,4.246363223375634988e+01,4.246363223375634988e+01,4.246363223375634988e+01,4.246363223375634988e+01,4.246363223375634988e+01,4.246363223375634988e+01,4.246363223375634988e+01,4.246363223375634988e+01,4.246363223375634988e+01,4.246363223375634988e+01,4.246363223375634988e+01,4.246363223375634988e+01,4.246363223375634988e+01,4.246363223375634988e+01,4.246363223375634988e+01,4.214001622577642081e+01,4.214001622577642081e+01
4.221707626153816761e+01,4.221707626153816761e+01,4.221707626153816761e+01,4.221707626153816761e+01,4.221707626153816761e+01,4.221707626153816761e+01,4.221707626153816761e+01,3.940725261454387862e+01,3.875376674038737690e+01,3.697332911498807562e+01,3.657764628943271390e+01,3.605104096965511218e+01,3.605104096965511218e+01,3.605104096965511218e+01,3.600639298074936789e+01,3.600639298074936789e+01,3.559431873536216528e+01,3.550857199708762835e+01,3.424477264965580048e+01,3.424477264965580048e+01,3.384743898005539364e+01
4.242374846911347674e+01,4.242374846911347674e+01,4.242374846911347674e+01,4.242374846911347674e+01,4.242374846911347674e+01,4.242374846911347674e+01,4.242374846911347674e+01,4.242374846911347674e+01,4.242374846911347674e+01,4.242374846911347674e+01,4.242374846911347674e+01,4.242374846911347674e+01,4.242374846911347674e+01,4.233921879578130643e+01,4.233921879578130643e+01,4.233921879578130643e+01,4.231520574541735868e+01,4.210287599263652680e+01,4.200627004931761377e+01,4.182343349917712061e+01,4.182343349917712061e+01
4.537311338733006494e+01,4.537311338733006494e+01,4.537311338733006494e+01,4.537311338733006494e+01,4.537311338733006494e+01,4.536815305104956053e+01,4.506464939984253704e+01,4.506464939984253704e+01,4.506464939984253704e+01,4.506464939984253704e+01,4.506464939984253704e+01,4.506464939984253704e+01,4.506464939984253704e+01,4.506127251218072871e+01,4.456979876777876370e+01,4.456979876777876370e+01,4.453439728733947334e+01,4.452116646607174033e+01,4.221472327448195472e+01,4.221472327448195472e+01,4.221472327448195472e+01
4.597122885198469788e+01,4.596769442474094092e+01,4.595470514596701861e+01,4.590471000882120478e+01,4.586509969269727804e+01,4.564888783059755184e+01,4.564888783059755184e+01,4.560673687057324344e+01,4.560673687057324344e+01,4.560673687057324344e+01,4.560673687057324344e+01,4.560673687057324344e+01,4.560673687057324344e+01,4.560673687057324344e+01,4.560673687057324344e+01,4.493252659216111056e+01,4.493252659216111056e+01,4.493252659216111056e+01,4.493252659216111056e+01,4.467681669269992994e+01,4.467681669269992994e+01
4.480533175924986011e+01,4.480533175924986011e+01,4.480533175924986011e+01,4.480533175924986011e+01,4.480533175924986011e+01,4.480533175924986011e+01,4.479207284829646341e+01,4.479207284829646341e+01,4.479207284829646341e+01,4.479207284829646341e+01,4.479207284829646341e+01,4.479207284829646341e+01,4.479207284829646341e+01,4.479207284829646341e+01,4.479207284829646341e+01,4.479207284829646341e+01,4.455718495306995663e+01,4.455718495306995663e+01,4.455718495306995663e+01,4.455718495306995663e+01,4.413023722893365175e+01
4.313868697505439087e+01,4.313868697505439087e+01,4.313868697505439087e+01,4.313868697505439087e+01,4.313868697505439087e+01,4.310643793480703323e+01,4.310643793480703323e+01,4.310643793480703323e+01,4.310643793480703323e+01,4.298285028750505177e+01,4.298285028750505177e+01,4.289661149822905628e+01,4.289661149822905628e+01,4.282633110351373773e+01,4.282452877835422100e+01,4.282452877835422100e+01,4.274023442405673023e+01,4.274023442405673023e+01,4.274023442405673023e+01,4.274023442405673023e+01,4.274023442405673023e+01
4.371178235028549608e+01,4.371178235028549608e+01,4.371178235028549608e+01,4.371178235028549608e+01,4.371178235028549608e+01,4.371178235028549608e+01,4.371178235028549608e+01,4.371178235028549608e+01,4.371178235028549608e+01,4.371178235028549608e+01,4.371178235028549608e+01,4.371178235028549608e+01,4.371178235028549608e+01,4.371178235028549608e+01,4.371178235028549608e+01,4.371178235028549608e+01,4.371178235028549608e+01,4.371178235028549608e+01,4.371178235028549608e+01,4.154590603450886732e+01,4.154590603450886732e+01
4.442789330623421762e+01,4.442789330623421762e+01,4.442789330623421762e+01,4.344140173664738569e+01,4.344140173664738569e+01,4.344140173664738569e+01,4.332409700608913283e+01,4.332409700608913283e+01,4.332409700608913283e+01,4.332409700608913283e+01,4.332409700608913283e+01,4.332409700608913283e+01,4.332409700608913283e+01,4.332409700608913283e+01,4.332409700608913283e+01,4.332409700608913283e+01,4.332409700608913283e+01,4.304886932409951328e+01,4.296272560388605655e+01,4.296272560388605655e+01,4.266379492527413220e+01
4.449988168718262216e+01,4.449988168718262216e+01,4.449988168718262216e+01,4.449988168718262216e+01,4.449988168718262216e+01,4.449988168718262216e+01,4.449988168718262216e+01,4.449988168718262216e+01,4.449988168718262216e+01,4.276810255003859851e+01,4.276810255003859851e+01,4.276810255003859851e+01,4.276810255003859851e+01,4.000273018404509173e+01,3.953893812783282868e+01,3.953893812783282868e+01,3.953893812783282868e+01,3.790335419615689716e+01,3.790335419615689716e+01,3.790335419615689716e+01,3.748634292811958346e+01
