2.570309853553771973e+01,9.528881788253784180e+00,8.030357599258422852e+00,9.352356433868408203e+00,8.456444501876831055e+00,7.101334810256958008e+00,7.362420797348022461e+00,1.064909005165100098e+01,9.713717937469482422e+00,1.058145594596862793e+01,9.253629922866821289e+00,9.540269136428833008e+00,9.260201930999755859e+00,9.966047763824462891e+00,9.973307132720947266e+00,1.131700348854064941e+01,1.179972481727600098e+01,7.884535312652587891e+00,1.091879439353942871e+01,8.401129961013793945e+00
2.922363972663879395e+01,7.867140293121337891e+00,8.090752601623535156e+00,1.070886921882629395e+01,6.091447353363037109e+00,8.182650089263916016e+00,1.036378765106201172e+01,8.733594417572021484e+00,7.611038684844970703e+00,8.141290664672851562e+00,7.815023422241210938e+00,8.556103229522705078e+00,8.317972660064697266e+00,1.235493755340576172e+01,1.032614302635192871e+01,1.129564499855041504e+01,1.016813611984252930e+01,1.046013450622558594e+01,1.261123776435852051e+01,9.366984605789184570e+00
2.882125258445739746e+01,4.710912466049194336e+00,8.426624059677124023e+00,9.258152723312377930e+00,1.013416171073913574e+01,8.592216253280639648e+00,9.496537208557128906e+00,8.937088012695312500e+00,6.919371604919433594e+00,8.364738941192626953e+00,9.169486284255981445e+00,7.697224855422973633e+00,7.251516819000244141e+00,8.490986347198486328e+00,7.441731214523315430e+00,7.744678735733032227e+00,1.188850045204162598e+01,8.714657783508300781e+00,1.251240801811218262e+01,1.277683138847351074e+01
3.023664021492004395e+01,8.653984546661376953e+00,6.613408088684082031e+00,7.166860818862915039e+00,7.145770072937011719e+00,7.105254888534545898e+00,1.010239195823669434e+01,7.468705415725708008e+00,6.906826972961425781e+00,9.413144111633300781e+00,9.234112501144409180e+00,8.163514137268066406e+00,1.023326063156127930e+01,1.165985155105590820e+01,9.829677820205688477e+00,7.586805582046508789e+00,9.986051082611083984e+00,1.068319010734558105e+01,9.740689992904663086e+00,1.256357622146606445e+01
2.437294721603393555e+01,9.793390750885009766e+00,1.031182312965393066e+01,5.746934652328491211e+00,1.175687766075134277e+01,1.012642860412597656e+01,7.569272756576538086e+00,9.238301753997802734e+00,8.474619865417480469e+00,9.409065723419189453e+00,1.090011763572692871e+01,8.434994697570800781e+00,7.920025110244750977e+00,7.479277610778808594e+00,1.247520613670349121e+01,9.420165538787841797e+00,9.157344818115234375e+00,1.246725988388061523e+01,9.608246326446533203e+00,9.903323411941528320e+00
2.617720961570739746e+01,1.032299971580505371e+01,9.105441570281982422e+00,8.453271865844726562e+00,1.055111837387084961e+01,9.833066463470458984e+00,9.834152460098266602e+00,1.126326441764831543e+01,9.724218130111694336e+00,6.534560680389404297e+00,7.892709016799926758e+00,1.018892121315002441e+01,1.010265398025512695e+01,8.221941471099853516e+00,6.587317705154418945e+00,1.089108920097351074e+01,8.089456319808959961e+00,1.013489770889282227e+01,1.067811727523803711e+01,9.785278320312500000e+00
2.543423962593078613e+01,1.063446068763732910e+01,9.559408903121948242e+00,7.486678600311279297e+00,1.256146740913391113e+01,9.070982694625854492e+00,7.937202215194702148e+00,8.474015951156616211e+00,9.164417028427124023e+00,1.035902667045593262e+01,9.021063089370727539e+00,1.186835622787475586e+01,1.117592096328735352e+01,9.591997861862182617e+00,1.137274909019470215e+01,9.719976425170898438e+00,1.003577876091003418e+01,1.103362870216369629e+01,1.306427097320556641e+01,9.816598892211914062e+00
2.450175213813781738e+01,6.252458572387695312e+00,7.703660726547241211e+00,8.150331497192382812e+00,8.633315086364746094e+00,7.678567409515380859e+00,8.222351312637329102e+00,1.102790307998657227e+01,8.022402524948120117e+00,9.380555629730224609e+00,9.385021448135375977e+00,8.800357341766357422e+00,7.729425191879272461e+00,9.069739341735839844e+00,1.066716861724853516e+01,1.117330026626586914e+01,8.094515800476074219e+00,1.019165945053100586e+01,7.758395195007324219e+00,8.373009204864501953e+00
2.816024541854858398e+01,9.174139738082885742e+00,6.346605777740478516e+00,1.009384536743164062e+01,6.447846651077270508e+00,6.805877447128295898e+00,7.150031089782714844e+00,1.078114938735961914e+01,8.435800790786743164e+00,5.779456377029418945e+00,7.571542501449584961e+00,7.062376022338867188e+00,9.536100864410400391e+00,6.684456586837768555e+00,9.229452610015869141e+00,9.346115589141845703e+00,1.112922859191894531e+01,9.372505903244018555e+00,1.211659550666809082e+01,1.050793194770812988e+01
2.437227082252502441e+01,9.121320962905883789e+00,8.883193969726562500e+00,7.366345882415771484e+00,8.403952360153198242e+00,9.636983633041381836e+00,9.388228654861450195e+00,1.020341062545776367e+01,8.763053655624389648e+00,7.965378522872924805e+00,7.558358192443847656e+00,8.668203830718994141e+00,9.816747188568115234e+00,1.180481910705566406e+01,8.847397089004516602e+00,1.073346734046936035e+01,9.607313632965087891e+00,1.262337684631347656e+01,8.296922922134399414e+00,8.002880096435546875e+00
