2.761871409416198730e+01,4.643327713012695312e+00,4.114892482757568359e+00,3.186867713928222656e+00,5.281995773315429688e+00,4.169714212417602539e+00,3.351792812347412109e+00,3.050397872924804688e+00,2.262998104095458984e+00,2.269977092742919922e+00
2.387299656867980957e+01,4.161674976348876953e+00,7.578839540481567383e+00,4.698143482208251953e+00,5.537423849105834961e+00,5.494004249572753906e+00,5.100716352462768555e+00,6.816090345382690430e+00,4.822787761688232422e+00,5.179699420928955078e+00
2.293085622787475586e+01,2.024976253509521484e+00,2.041943788528442383e+00,2.054843425750732422e+00,2.065868616104125977e+00,1.980508327484130859e+00,2.115295410156250000e+00,2.140675544738769531e+00,2.124589204788208008e+00,2.065480947494506836e+00
2.420809340476989746e+01,7.828655481338500977e+00,5.223152875900268555e+00,4.911910533905029297e+00,4.973027944564819336e+00,4.943893194198608398e+00,4.657948970794677734e+00,3.355615854263305664e+00,2.418401241302490234e+00,2.461139917373657227e+00
2.720576024055480957e+01,6.610051155090332031e+00,4.583850622177124023e+00,4.523753881454467773e+00,5.099630594253540039e+00,5.908341884613037109e+00,6.146424055099487305e+00,5.552700996398925781e+00,5.130608558654785156e+00,8.011405467987060547e+00
2.531341791152954102e+01,4.379996776580810547e+00,4.920927047729492188e+00,4.012723922729492188e+00,5.129672765731811523e+00,9.398277759552001953e+00,5.012439489364624023e+00,5.681832075119018555e+00,5.888453722000122070e+00,5.700796127319335938e+00
2.306749892234802246e+01,3.792298793792724609e+00,7.180626630783081055e+00,6.071460247039794922e+00,5.801674842834472656e+00,5.800182819366455078e+00,4.443792819976806641e+00,4.252812385559082031e+00,3.198714494705200195e+00,2.395767927169799805e+00
2.683594942092895508e+01,7.751474142074584961e+00,3.608771324157714844e+00,2.432952880859375000e+00,2.339603185653686523e+00,2.342246055603027344e+00,2.580856084823608398e+00,2.495132684707641602e+00,2.364417552947998047e+00,2.476799011230468750e+00
2.241347289085388184e+01,5.083529710769653320e+00,3.966805219650268555e+00,8.370107650756835938e+00,5.392604351043701172e+00,5.569500207901000977e+00,4.548722743988037109e+00,3.264826297760009766e+00,4.178142547607421875e+00,4.650307416915893555e+00
2.416418027877807617e+01,8.731149911880493164e+00,4.687872886657714844e+00,6.369776248931884766e+00,2.901052951812744141e+00,2.648241043090820312e+00,2.484411954879760742e+00,2.398345232009887695e+00,2.459330081939697266e+00,2.494787216186523438e+00
