1.965234422683715820e+01,2.432311058044433594e+00,2.384190320968627930e+00
1.958476114273071289e+01,2.314929485321044922e+00,2.463628768920898438e+00
1.973058390617370605e+01,2.371775865554809570e+00,2.879678964614868164e+00
1.959947609901428223e+01,2.943944692611694336e+00,2.555903196334838867e+00
2.022457098960876465e+01,2.923290967941284180e+00,2.311960697174072266e+00
2.052825427055358887e+01,2.412617683410644531e+00,2.949755430221557617e+00
2.092917490005493164e+01,2.369084358215332031e+00,2.407412767410278320e+00
2.093547391891479492e+01,2.264101505279541016e+00,3.182416439056396484e+00
2.154045510292053223e+01,2.377080202102661133e+00,2.427541971206665039e+00
2.059307670593261719e+01,2.436511039733886719e+00,2.512063741683959961e+00
