6.600096360695002495e-01,6.600096360695002495e-01,6.600096360695002495e-01,6.600096360695002495e-01,5.403520513536537173e-01,2.633748926916696931e-01,1.831771791058871557e-01,1.538682624645977270e-01,1.250955747406816698e-01,8.578667782477999992e-02,7.511227371084672200e-02,6.672506517127452241e-02,5.837517592671837008e-02
9.191695272915096915e-01,9.191695272915096915e-01,7.453064014931314318e-01,7.453064014931314318e-01,5.224106140418918187e-01,3.281364567018378864e-01,1.896143791994511218e-01,1.501773210415775495e-01,1.117090562097020623e-01,9.019123674126650059e-02,7.755828445173662544e-02,6.558956071030141999e-02,5.638985148596642460e-02
3.428338368461476549e-01,3.428338368461476549e-01,3.428338368461476549e-01,3.142838419649125470e-01,2.289779942735430396e-01,1.523086267878879241e-01,1.124186836537788281e-01,9.454044238946757162e-02,7.678752702578517386e-02,6.758048352660761537e-02,5.611394299770022798e-02,5.045958884395229660e-02,4.512586699925780209e-02
3.692079029107784294e-01,3.692079029107784294e-01,3.692079029107784294e-01,3.042873045999305859e-01,3.042873045999305859e-01,2.399396908374704651e-01,1.520726230639057874e-01,1.306079420600019247e-01,1.097284574802070978e-01,8.428896497023519174e-02,7.089257438647500464e-02,6.193609566307323178e-02,5.629952271065441494e-02
6.313015865154110173e-01,6.313015865154110173e-01,6.313015865154110173e-01,6.313015865154110173e-01,6.313015865154110173e-01,5.739790062477467814e-01,5.739790062477467814e-01,3.837322610451048277e-01,3.755857425175328501e-01,2.356902661598336834e-01,1.389906034117736056e-01,8.414930457393410279e-02,7.630085999458913193e-02
4.686237496570351269e-01,4.036376742633924763e-01,4.036376742633924763e-01,3.989734546601351184e-01,3.807270322725289091e-01,2.559484029790528581e-01,1.884981662901523691e-01,1.295934438778134634e-01,1.206892262585652631e-01,1.009305323790874453e-01,8.172862263577318487e-02,6.512148508975545980e-02,5.415346203332749297e-02
4.790058060723101363e-01,4.790058060723101363e-01,3.211874303818156307e-01,3.211874303818156307e-01,3.211874303818156307e-01,2.938845496593351925e-01,1.837812005752619271e-01,1.837812005752619271e-01,1.476351123201515847e-01,1.054749850969001201e-01,8.891453248588465641e-02,7.705916320447503409e-02,6.664445822971387656e-02
9.802079397428478114e-01,9.802079397428478114e-01,9.802079397428478114e-01,9.802079397428478114e-01,9.802079397428478114e-01,7.143752709077242358e-01,7.117601966604492070e-01,7.113051919386661481e-01,7.111752910813904371e-01,7.111070143980025016e-01,6.975146850799789355e-01,6.974703906093409067e-01,6.974593064929166530e-01
7.237686608182318793e-01,7.237686608182318793e-01,4.609980764756045346e-01,2.871544588447436652e-01,2.871544588447436652e-01,1.948941807979807095e-01,1.419839475266799766e-01,1.363009400145021033e-01,1.037996062635402339e-01,8.985048867701816988e-02,7.735787184824705065e-02,6.553083286319960621e-02,5.696253026341135950e-02
3.018708727722643204e-01,3.018708727722643204e-01,3.018708727722643204e-01,2.757007827661572819e-01,2.527876270044595586e-01,1.879154758096390765e-01,1.583408498276481779e-01,1.047275378964034331e-01,8.923928168050920817e-02,7.329123970214901362e-02,6.659297676715603131e-02,6.659297676715603131e-02,5.218348864673849619e-02
