1.737357544898986816e+01,4.627928256988525391e+00,3.418059587478637695e+00,3.956171989440917969e+00,3.247563362121582031e+00,3.515277385711669922e+00,3.348278760910034180e+00,3.728618383407592773e+00,3.633080482482910156e+00,5.003026723861694336e+00
1.820772933959960938e+01,2.722538948059082031e+00,2.890241861343383789e+00,4.874854803085327148e+00,3.656310319900512695e+00,3.601009368896484375e+00,3.808254718780517578e+00,3.325740575790405273e+00,3.406416893005371094e+00,3.442905426025390625e+00
2.075958895683288574e+01,2.841562986373901367e+00,2.981370925903320312e+00,3.055061340332031250e+00,4.361521720886230469e+00,3.357465505599975586e+00,3.606859445571899414e+00,3.432377099990844727e+00,3.517648220062255859e+00,3.413568496704101562e+00
2.113366246223449707e+01,2.918588638305664062e+00,2.856972694396972656e+00,3.449368953704833984e+00,3.134685993194580078e+00,3.153458833694458008e+00,4.394667148590087891e+00,3.712842464447021484e+00,3.482100486755371094e+00,3.484274148941040039e+00
2.257007837295532227e+01,3.147027969360351562e+00,2.879462003707885742e+00,3.069775581359863281e+00,3.102741003036499023e+00,3.144334554672241211e+00,3.338956594467163086e+00,3.221784114837646484e+00,4.678329467773437500e+00,3.671606302261352539e+00
1.994893908500671387e+01,2.746905565261840820e+00,4.790271043777465820e+00,3.472511768341064453e+00,3.571178436279296875e+00,3.145378828048706055e+00,3.285296916961669922e+00,3.190419912338256836e+00,3.497264623641967773e+00,3.404113769531250000e+00
2.073312234878540039e+01,2.807272195816040039e+00,2.973250150680541992e+00,3.189325809478759766e+00,3.352176427841186523e+00,3.174458026885986328e+00,3.228951454162597656e+00,3.296620845794677734e+00,5.053155660629272461e+00,3.398236751556396484e+00
1.988456702232360840e+01,3.060890674591064453e+00,2.879036903381347656e+00,5.238439798355102539e+00,3.598525047302246094e+00,3.375511407852172852e+00,3.461949348449707031e+00,4.056960344314575195e+00,3.503597497940063477e+00,3.377578020095825195e+00
2.369990420341491699e+01,3.233840227127075195e+00,2.783388376235961914e+00,3.287284851074218750e+00,3.113711357116699219e+00,3.155515909194946289e+00,3.681742191314697266e+00,3.366174459457397461e+00,5.197090387344360352e+00,3.442619323730468750e+00
2.102490472793579102e+01,3.056224107742309570e+00,2.990840435028076172e+00,5.235646963119506836e+00,3.481403589248657227e+00,3.512326002120971680e+00,3.396328687667846680e+00,3.286422967910766602e+00,3.254098176956176758e+00,3.212937593460083008e+00
