2.413307309150695801e+01,3.042029142379760742e+00,3.657391786575317383e+00,3.354448318481445312e+00,2.807439327239990234e+00
2.293904399871826172e+01,2.487778186798095703e+00,3.565418720245361328e+00,3.975382804870605469e+00,4.396597623825073242e+00
2.353888249397277832e+01,2.667914152145385742e+00,3.222995996475219727e+00,4.560606002807617188e+00,2.758693456649780273e+00
2.426009345054626465e+01,2.795942068099975586e+00,2.800930500030517578e+00,2.860434055328369141e+00,4.518593549728393555e+00
2.478325700759887695e+01,2.862452507019042969e+00,3.309864759445190430e+00,2.859673261642456055e+00,4.845032215118408203e+00
2.165443015098571777e+01,2.460011005401611328e+00,2.373902082443237305e+00,2.601713657379150391e+00,5.122035264968872070e+00
2.245417594909667969e+01,2.786395072937011719e+00,2.935688495635986328e+00,5.429426431655883789e+00,3.332658529281616211e+00
2.208437800407409668e+01,2.498278141021728516e+00,2.531209945678710938e+00,5.121786117553710938e+00,3.152944087982177734e+00
2.220076680183410645e+01,2.832078695297241211e+00,3.317146062850952148e+00,2.874690532684326172e+00,6.872289180755615234e+00
2.256966876983642578e+01,2.796070814132690430e+00,2.833501815795898438e+00,2.627593040466308594e+00,5.247213125228881836e+00
