8.294106925330247293e+00,7.822606574137582314e+00,1.108946935179472959e+00,4.901114913914117466e-01,4.901114913914117466e-01,3.510208632596523159e-01,3.177316724919858615e-01,3.177316724919858615e-01,3.024156926292818071e-01,3.024156926292818071e-01,3.024156926292818071e-01,3.024156926292818071e-01,3.024156926292818071e-01,3.024156926292818071e-01,3.024156926292818071e-01,2.904769808707303724e-01,2.904769808707303724e-01,2.904769808707303724e-01,2.904769808707303724e-01,2.904769808707303724e-01,2.622326908970098458e-01
4.550017808331775271e+00,1.110022441672548155e+00,1.110022441672548155e+00,1.043565973424858129e+00,1.043565973424858129e+00,1.009431062359675835e+00,5.680231719178845395e-01,5.680231719178845395e-01,4.576490075783077316e-01,4.576490075783077316e-01,4.576490075783077316e-01,4.576490075783077316e-01,4.576490075783077316e-01,2.711603705454148638e-01,2.711603705454148638e-01,2.711603705454148638e-01,2.366892722447921926e-01,2.366892722447921926e-01,2.366892722447921926e-01,2.366892722447921926e-01,2.191993760136856650e-01
2.097098910574185737e+00,1.195903456918605556e+00,1.195903456918605556e+00,1.108946935179472959e+00,1.108946935179472959e+00,5.622473898869557729e-01,4.779675871286030997e-01,4.362062018529915264e-01,4.111514220869576519e-01,4.111514220869576519e-01,3.197013314060903610e-01,3.125586360615368875e-01,3.125586360615368875e-01,3.125586360615368875e-01,3.125586360615368875e-01,3.125586360615368875e-01,3.125586360615368875e-01,3.125586360615368875e-01,2.789708986111030242e-01,2.789708986111030242e-01,2.789708986111030242e-01
4.628032135477022635e+00,1.195903456918605556e+00,1.108946935179472959e+00,1.108946935179472959e+00,1.108946935179472959e+00,4.859060093588603024e-01,3.741897071218769355e-01,3.409839622951569282e-01,3.409839622951569282e-01,3.409839622951569282e-01,3.409839622951569282e-01,3.366652844679851597e-01,3.366652844679851597e-01,3.366652844679851597e-01,3.366652844679851597e-01,3.366652844679851597e-01,3.366652844679851597e-01,3.366652844679851597e-01,3.366652844679851597e-01,2.843525160936977159e-01,2.712273271411227427e-01
4.909679948856704002e+00,1.024473222102670888e+00,1.024473222102670888e+00,6.180207933254884267e-01,6.180207933254884267e-01,5.473620663638865125e-01,5.127504547762651299e-01,4.676234164411354755e-01,4.569187687822235944e-01,4.569187687822235944e-01,4.569187687822235944e-01,4.267882324168539299e-01,4.234103275767147068e-01,4.234103275767147068e-01,4.234103275767147068e-01,4.234103275767147068e-01,4.177738401131119161e-01,3.866316715061675069e-01,3.853199602787995559e-01,3.853199602787995559e-01,3.853199602787995559e-01
4.554819612250627259e+00,4.317584705394656552e+00,1.108946935179472959e+00,8.489378166299559325e-01,7.813560873199936196e-01,7.779730675765499370e-01,7.779730675765499370e-01,6.881359028706288683e-01,6.743739417677101500e-01,6.743739417677101500e-01,3.550715405241025024e-01,2.824712052685498520e-01,2.824712052685498520e-01,2.824712052685498520e-01,2.824712052685498520e-01,2.824712052685498520e-01,2.824712052685498520e-01,2.824712052685498520e-01,2.707719115135258647e-01,2.707719115135258647e-01,2.707719115135258647e-01
5.316353801560568471e+00,1.023492729841343873e+00,1.023492729841343873e+00,9.598869082903078720e-01,9.598869082903078720e-01,7.540650596614906220e-01,5.916278993011996334e-01,5.566026943969504259e-01,5.566026943969504259e-01,5.566026943969504259e-01,5.472048589537923391e-01,5.472048589537923391e-01,5.472048589537923391e-01,5.472048589537923391e-01,5.472048589537923391e-01,5.472048589537923391e-01,5.472048589537923391e-01,3.220033663988246531e-01,3.220033663988246531e-01,3.220033663988246531e-01,3.220033663988246531e-01
2.203302388920340249e+00,2.203302388920340249e+00,2.203302388920340249e+00,2.163014940119250440e+00,2.163014940119250440e+00,6.945889617542118089e-01,4.601541105581290481e-01,4.347083784180494348e-01,4.347083784180494348e-01,3.985146745527270440e-01,3.985146745527270440e-01,3.829398419195673142e-01,3.829398419195673142e-01,3.829398419195673142e-01,3.829398419195673142e-01,3.829398419195673142e-01,3.829398419195673142e-01,2.643184624590979581e-01,2.643184624590979581e-01,2.643184624590979581e-01,2.643184624590979581e-01
6.707552771322031759e+00,1.195903456918605556e+00,1.108946935179476512e+00,5.848741294300747739e-01,4.634227603766429837e-01,3.505128128313952374e-01,3.152390266285980402e-01,3.152390266285980402e-01,3.152390266285980402e-01,3.152390266285980402e-01,3.152390266285980402e-01,3.152390266285980402e-01,3.152390266285980402e-01,3.152390266285980402e-01,3.152390266285980402e-01,3.152390266285980402e-01,3.152390266285980402e-01,3.152390266285980402e-01,3.152390266285980402e-01,3.152390266285980402e-01,2.743369863980724688e-01
3.318235771134380840e+00,3.195988265635806513e+00,1.108946935179476512e+00,1.108946935179476512e+00,6.345090393573595833e-01,4.173866145162019592e-01,3.822061503526708037e-01,3.049768715966951760e-01,2.702845879433439791e-01,2.702845879433439791e-01,2.702845879433439791e-01,2.702845879433439791e-01,2.702845879433439791e-01,2.702845879433439791e-01,2.702845879433439791e-01,2.702845879433439791e-01,2.702845879433439791e-01,2.702845879433439791e-01,2.702845879433439791e-01,2.702845879433439791e-01,2.465517827425394159e-01
